--------------------------------------------------------------------------------
TIMESTAMP: 05:28:34.333 PM 17-Jun-2022
PARAMS:
  population 0
  wiggle-angle 45
  look-ahead 1
  sniff-threshold 0.9
  sniff-angle 45
  chemical-drop 3
  diffuse-share 1
  evaporation-rate 0.95
  cluster-threshold 25
  cluster-radius 10
  learning-turtles 50
  ticks-per-episode 250
  episodes 500
  learning-rate 0.9
  discount-factor 0.9
  reward 100
  penalty -1
  e-greedy 0.5 0.9
ACTION SPACE: move-and-drop walk-and-drop move-toward-chemical random-walk 
OBSERVATION SPACE: chemical-here in-cluster
REWARD: rewardFunc8
--------------------------------------------------------------------------------
Episode, Tick, Avg custer size X tick, Avg reward X episode, Actions distribution
0, 50, 0, 0
0, 100, 0, 0
0, 150, 0, 0
0, 200, 0, 0
1, 250, 0, 4277.88
1, 300, 0, 0
1, 350, 0, 0
1, 400, 0, 0
1, 450, 27.11111111111111, 0
2, 500, 27, 5192.486087040003
2, 550, 0, 0
2, 600, 0, 0
2, 650, 0, 0
2, 700, 0, 0
3, 750, 30.333333333333332, 4710.404146240001
3, 800, 0, 0
3, 850, 0, 0
3, 900, 26, 0
3, 950, 26.6, 0
4, 1000, 28.666666666666668, 5108.387565120001
4, 1050, 0, 0
4, 1100, 0, 0
4, 1150, 0, 0
4, 1200, 26.666666666666668, 0
5, 1250, 27, 5039.4603344000025
5, 1300, 0, 0
5, 1350, 0, 0
5, 1400, 0, 0
5, 1450, 0, 0
6, 1500, 0, 3793.4320000000007
6, 1550, 0, 0
6, 1600, 0, 0
6, 1650, 26, 0
6, 1700, 0, 0
7, 1750, 0, 4392.752682880001
7, 1800, 0, 0
7, 1850, 0, 0
7, 1900, 0, 0
7, 1950, 0, 0
8, 2000, 0, 3849.688
8, 2050, 0, 0
8, 2100, 0, 0
8, 2150, 0, 0
8, 2200, 0, 0
9, 2250, 0, 3987.224000000002
9, 2300, 0, 0
9, 2350, 0, 0
9, 2400, 0, 0
9, 2450, 0, 0
10, 2500, 0, 4047.4159999999993
10, 2550, 0, 0
10, 2600, 0, 0
10, 2650, 26, 0
10, 2700, 30, 0
11, 2750, 0, 5732.216946880004
11, 2800, 0, 0
11, 2850, 0, 0
11, 2900, 0, 0
11, 2950, 0, 0
12, 3000, 0, 4179.191999999999
12, 3050, 0, 0
12, 3100, 0, 0
12, 3150, 0, 0
12, 3200, 0, 0
13, 3250, 0, 3691.0960000000005
13, 3300, 0, 0
13, 3350, 0, 0
13, 3400, 0, 0
13, 3450, 0, 0
14, 3500, 0, 4756.919999999999
14, 3550, 0, 0
14, 3600, 0, 0
14, 3650, 0, 0
14, 3700, 0, 0
15, 3750, 0, 4293.017616
15, 3800, 0, 0
15, 3850, 0, 0
15, 3900, 0, 0
15, 3950, 0, 0
16, 4000, 0, 4785.661655999999
16, 4050, 0, 0
16, 4100, 0, 0
16, 4150, 0, 0
16, 4200, 0, 0
17, 4250, 0, 4206.008000000001
17, 4300, 0, 0
17, 4350, 0, 0
17, 4400, 0, 0
17, 4450, 0, 0
18, 4500, 0, 3661.944000000001
18, 4550, 0, 0
18, 4600, 0, 0
18, 4650, 0, 0
18, 4700, 27, 0
19, 4750, 0, 4615.6886998400005
19, 4800, 0, 0
19, 4850, 0, 0
19, 4900, 0, 0
19, 4950, 26.666666666666668, 0
20, 5000, 0, 4856.149366400004
20, 5050, 0, 0
20, 5100, 0, 0
20, 5150, 0, 0
20, 5200, 0, 0
21, 5250, 0, 3869.112
21, 5300, 0, 0
21, 5350, 0, 0
21, 5400, 26, 0
21, 5450, 27.4, 0
22, 5500, 28.333333333333332, 5223.297190080001
22, 5550, 0, 0
22, 5600, 0, 0
22, 5650, 0, 0
22, 5700, 0, 0
23, 5750, 0, 4007.8639999999996
23, 5800, 0, 0
23, 5850, 0, 0
23, 5900, 0, 0
23, 5950, 26, 0
24, 6000, 0, 4099.838890880001
24, 6050, 0, 0
24, 6100, 0, 0
24, 6150, 0, 0
24, 6200, 26, 0
25, 6250, 0, 4784.734945600002
25, 6300, 0, 0
25, 6350, 0, 0
25, 6400, 0, 0
25, 6450, 0, 0
26, 6500, 27.25, 4346.64355936
26, 6550, 0, 0
26, 6600, 0, 0
26, 6650, 0, 0
26, 6700, 0, 0
27, 6750, 0, 4180.344678720001
27, 6800, 0, 0
27, 6850, 0, 0
27, 6900, 0, 0
27, 6950, 0, 0
28, 7000, 0, 4187.6720000000005
28, 7050, 0, 0
28, 7100, 0, 0
28, 7150, 0, 0
28, 7200, 27, 0
29, 7250, 0, 4683.3466383999985
29, 7300, 0, 0
29, 7350, 0, 0
29, 7400, 0, 0
29, 7450, 0, 0
30, 7500, 0, 5208.094302400002
30, 7550, 0, 0
30, 7600, 0, 0
30, 7650, 28.625, 0
30, 7700, 36.44736842105263, 0
31, 7750, 31.2, 7034.302018560001
31, 7800, 0, 0
31, 7850, 0, 0
31, 7900, 0, 0
31, 7950, 26.25, 0
32, 8000, 29.2, 4813.92088224
32, 8050, 0, 0
32, 8100, 0, 0
32, 8150, 0, 0
32, 8200, 0, 0
33, 8250, 0, 4445.975999999999
33, 8300, 0, 0
33, 8350, 0, 0
33, 8400, 0, 0
33, 8450, 0, 0
34, 8500, 27, 4880.146224640001
34, 8550, 0, 0
34, 8600, 26, 0
34, 8650, 26.705882352941178, 0
34, 8700, 28, 0
35, 8750, 27.2, 5581.022658880003
35, 8800, 0, 0
35, 8850, 0, 0
35, 8900, 0, 0
35, 8950, 0, 0
36, 9000, 0, 4183.096000000001
36, 9050, 0, 0
36, 9100, 0, 0
36, 9150, 26.22222222222222, 0
36, 9200, 0, 0
37, 9250, 0, 4746.061202560002
37, 9300, 0, 0
37, 9350, 0, 0
37, 9400, 0, 0
37, 9450, 0, 0
38, 9500, 0, 4634.536644800001
38, 9550, 0, 0
38, 9600, 0, 0
38, 9650, 0, 0
38, 9700, 0, 0
39, 9750, 0, 4196.759999999999
39, 9800, 0, 0
39, 9850, 0, 0
39, 9900, 0, 0
39, 9950, 0, 0
40, 10000, 0, 4502.84
40, 10050, 0, 0
40, 10100, 0, 0
40, 10150, 26, 0
40, 10200, 0, 0
41, 10250, 26.5, 4611.26678848
41, 10300, 0, 0
41, 10350, 0, 0
41, 10400, 0, 0
41, 10450, 0, 0
42, 10500, 0, 4381.46945888
42, 10550, 0, 0
42, 10600, 0, 0
42, 10650, 29, 0
42, 10700, 0, 0
43, 10750, 0, 4661.728257920001
43, 10800, 0, 0
43, 10850, 0, 0
43, 10900, 0, 0
43, 10950, 0, 0
44, 11000, 0, 5700.11699104
44, 11050, 0, 0
44, 11100, 26.363636363636363, 0
44, 11150, 26.25, 0
44, 11200, 26.3125, 0
45, 11250, 0, 5948.83909152
45, 11300, 0, 0
45, 11350, 0, 0
45, 11400, 0, 0
45, 11450, 0, 0
46, 11500, 0, 4267.095999999999
46, 11550, 0, 0
46, 11600, 0, 0
46, 11650, 27.23076923076923, 0
46, 11700, 27.533333333333335, 0
47, 11750, 26.75, 5682.448595840002
47, 11800, 0, 0
47, 11850, 0, 0
47, 11900, 0, 0
47, 11950, 0, 0
48, 12000, 0, 4670.694026879999
48, 12050, 0, 0
48, 12100, 26.25, 0
48, 12150, 28.391304347826086, 0
48, 12200, 29.884615384615383, 0
49, 12250, 28, 6266.84329184
49, 12300, 0, 0
49, 12350, 0, 0
49, 12400, 0, 0
49, 12450, 0, 0
50, 12500, 0, 3670.807999999999
50, 12550, 0, 0
50, 12600, 0, 0
50, 12650, 0, 0
50, 12700, 26.714285714285715, 0
51, 12750, 27.6, 5463.387090880003
51, 12800, 0, 0
51, 12850, 26.3, 0
51, 12900, 31.22222222222222, 0
51, 12950, 28.47826086956522, 0
52, 13000, 27.5, 6501.664476800002
52, 13050, 0, 0
52, 13100, 0, 0
52, 13150, 0, 0
52, 13200, 0, 0
53, 13250, 0, 4764.536000000001
53, 13300, 0, 0
53, 13350, 0, 0
53, 13400, 0, 0
53, 13450, 0, 0
54, 13500, 29.333333333333332, 4965.384448
54, 13550, 0, 0
54, 13600, 0, 0
54, 13650, 26.625, 0
54, 13700, 29.142857142857142, 0
55, 13750, 26.666666666666668, 5722.04003616
55, 13800, 0, 0
55, 13850, 0, 0
55, 13900, 0, 0
55, 13950, 0, 0
56, 14000, 0, 4393.6779776
56, 14050, 0, 0
56, 14100, 0, 0
56, 14150, 0, 0
56, 14200, 0, 0
57, 14250, 0, 4194.1359999999995
57, 14300, 0, 0
57, 14350, 0, 0
57, 14400, 0, 0
57, 14450, 0, 0
58, 14500, 0, 5004.728
58, 14550, 0, 0
58, 14600, 0, 0
58, 14650, 0, 0
58, 14700, 0, 0
59, 14750, 0, 5399.832452480004
59, 14800, 0, 0
59, 14850, 0, 0
59, 14900, 0, 0
59, 14950, 26, 0
60, 15000, 26, 4775.35600448
60, 15050, 0, 0
60, 15100, 0, 0
60, 15150, 0, 0
60, 15200, 0, 0
61, 15250, 0, 3483.896000000001
61, 15300, 0, 0
61, 15350, 0, 0
61, 15400, 0, 0
61, 15450, 0, 0
62, 15500, 0, 4161.38241472
62, 15550, 0, 0
62, 15600, 0, 0
62, 15650, 0, 0
62, 15700, 0, 0
63, 15750, 0, 4071.8000000000006
63, 15800, 0, 0
63, 15850, 0, 0
63, 15900, 0, 0
63, 15950, 0, 0
64, 16000, 0, 3667.5759999999996
64, 16050, 0, 0
64, 16100, 0, 0
64, 16150, 0, 0
64, 16200, 26.416666666666668, 0
65, 16250, 27.4, 5218.6242524800045
65, 16300, 0, 0
65, 16350, 0, 0
65, 16400, 0, 0
65, 16450, 26, 0
66, 16500, 26.333333333333332, 5260.138103360002
66, 16550, 0, 0
66, 16600, 0, 0
66, 16650, 0, 0
66, 16700, 0, 0
67, 16750, 0, 4498.29690496
67, 16800, 0, 0
67, 16850, 0, 0
67, 16900, 0, 0
67, 16950, 0, 0
68, 17000, 0, 4565.880000000001
68, 17050, 0, 0
68, 17100, 0, 0
68, 17150, 0, 0
68, 17200, 0, 0
69, 17250, 0, 4942.615999999999
69, 17300, 0, 0
69, 17350, 0, 0
69, 17400, 0, 0
69, 17450, 0, 0
70, 17500, 0, 4149.495999999999
70, 17550, 0, 0
70, 17600, 0, 0
70, 17650, 29.28, 0
70, 17700, 29.85185185185185, 0
71, 17750, 31.266666666666666, 6775.073752320001
71, 17800, 0, 0
71, 17850, 0, 0
71, 17900, 0, 0
71, 17950, 0, 0
72, 18000, 0, 4613.207999999999
72, 18050, 0, 0
72, 18100, 0, 0
72, 18150, 0, 0
72, 18200, 0, 0
73, 18250, 0, 4330.647999999999
73, 18300, 0, 0
73, 18350, 0, 0
73, 18400, 0, 0
73, 18450, 0, 0
74, 18500, 0, 4396.990043840002
74, 18550, 0, 0
74, 18600, 0, 0
74, 18650, 0, 0
74, 18700, 0, 0
75, 18750, 0, 4920.536
75, 18800, 0, 0
75, 18850, 0, 0
75, 18900, 0, 0
75, 18950, 0, 0
76, 19000, 0, 4578.808000000001
76, 19050, 0, 0
76, 19100, 0, 0
76, 19150, 0, 0
76, 19200, 0, 0
77, 19250, 0, 4458.011038080001
77, 19300, 0, 0
77, 19350, 0, 0
77, 19400, 0, 0
77, 19450, 0, 0
78, 19500, 28, 4588.533152960002
78, 19550, 0, 0
78, 19600, 0, 0
78, 19650, 26, 0
78, 19700, 29.076923076923077, 0
79, 19750, 28.25, 5695.043996800003
79, 19800, 0, 0
79, 19850, 0, 0
79, 19900, 0, 0
79, 19950, 0, 0
80, 20000, 31, 4882.39710336
80, 20050, 0, 0
80, 20100, 0, 0
80, 20150, 27, 0
80, 20200, 0, 0
81, 20250, 28.75, 5383.26974624
81, 20300, 0, 0
81, 20350, 0, 0
81, 20400, 0, 0
81, 20450, 0, 0
82, 20500, 0, 5391.738343680002
82, 20550, 0, 0
82, 20600, 0, 0
82, 20650, 0, 0
82, 20700, 0, 0
83, 20750, 0, 4861.54557568
83, 20800, 0, 0
83, 20850, 0, 0
83, 20900, 0, 0
83, 20950, 0, 0
84, 21000, 0, 3855.544
84, 21050, 0, 0
84, 21100, 0, 0
84, 21150, 0, 0
84, 21200, 0, 0
85, 21250, 0, 5278.2786732800005
85, 21300, 0, 0
85, 21350, 0, 0
85, 21400, 0, 0
85, 21450, 27.083333333333332, 0
86, 21500, 0, 5824.511478720003
86, 21550, 0, 0
86, 21600, 0, 0
86, 21650, 0, 0
86, 21700, 0, 0
87, 21750, 0, 4309.944
87, 21800, 0, 0
87, 21850, 0, 0
87, 21900, 0, 0
87, 21950, 0, 0
88, 22000, 0, 3738.200000000001
88, 22050, 0, 0
88, 22100, 0, 0
88, 22150, 0, 0
88, 22200, 0, 0
89, 22250, 0, 4668.60778912
89, 22300, 0, 0
89, 22350, 0, 0
89, 22400, 26, 0
89, 22450, 28.571428571428573, 0
90, 22500, 30.9, 5689.9281878400025
90, 22550, 0, 0
90, 22600, 0, 0
90, 22650, 0, 0
90, 22700, 0, 0
91, 22750, 0, 4159.005656000002
91, 22800, 0, 0
91, 22850, 0, 0
91, 22900, 29.444444444444443, 0
91, 22950, 29.071428571428573, 0
92, 23000, 29.714285714285715, 6619.666028799999
92, 23050, 0, 0
92, 23100, 0, 0
92, 23150, 0, 0
92, 23200, 0, 0
93, 23250, 27.666666666666668, 4794.460098880001
93, 23300, 0, 0
93, 23350, 0, 0
93, 23400, 0, 0
93, 23450, 0, 0
94, 23500, 0, 3789.048
94, 23550, 0, 0
94, 23600, 0, 0
94, 23650, 0, 0
94, 23700, 27, 0
95, 23750, 27, 5089.041408000001
95, 23800, 0, 0
95, 23850, 26.333333333333332, 0
95, 23900, 26.4, 0
95, 23950, 28.821428571428573, 0
96, 24000, 28, 6182.376607360002
96, 24050, 0, 0
96, 24100, 0, 0
96, 24150, 0, 0
96, 24200, 0, 0
97, 24250, 0, 5050.4879999999985
97, 24300, 0, 0
97, 24350, 0, 0
97, 24400, 0, 0
97, 24450, 28.894736842105264, 0
98, 24500, 29, 6489.664661760002
98, 24550, 0, 0
98, 24600, 29.666666666666668, 0
98, 24650, 36.02777777777778, 0
98, 24700, 40.76744186046512, 0
99, 24750, 32.1, 9069.462857600005
99, 24800, 0, 0
99, 24850, 0, 0
99, 24900, 0, 0
99, 24950, 0, 0
100, 25000, 0, 4476.312
100, 25050, 0, 0
100, 25100, 0, 0
100, 25150, 26.833333333333332, 0
100, 25200, 26.46153846153846, 0
101, 25250, 26, 5718.548665600003
101, 25300, 0, 0
101, 25350, 0, 0
101, 25400, 26.5, 0
101, 25450, 0, 0
102, 25500, 0, 4591.540858560002
102, 25550, 0, 0
102, 25600, 0, 0
102, 25650, 0, 0
102, 25700, 0, 0
103, 25750, 0, 4819.250179200001
103, 25800, 0, 0
103, 25850, 0, 0
103, 25900, 26, 0
103, 25950, 0, 0
104, 26000, 0, 4918.823294719999
104, 26050, 0, 0
104, 26100, 0, 0
104, 26150, 0, 0
104, 26200, 0, 0
105, 26250, 0, 4563.735999999999
105, 26300, 0, 0
105, 26350, 26.545454545454547, 0
105, 26400, 0, 0
105, 26450, 27.266666666666666, 0
106, 26500, 28, 6085.887584960002
106, 26550, 0, 0
106, 26600, 27, 0
106, 26650, 0, 0
106, 26700, 26, 0
107, 26750, 0, 5690.465512320001
107, 26800, 0, 0
107, 26850, 0, 0
107, 26900, 0, 0
107, 26950, 0, 0
108, 27000, 0, 4507.768000000001
108, 27050, 0, 0
108, 27100, 0, 0
108, 27150, 0, 0
108, 27200, 0, 0
109, 27250, 0, 3960.4399999999996
109, 27300, 0, 0
109, 27350, 29.7, 0
109, 27400, 31.580645161290324, 0
109, 27450, 30.153846153846153, 0
110, 27500, 30.375, 7517.367543359998
110, 27550, 0, 0
110, 27600, 0, 0
110, 27650, 0, 0
110, 27700, 0, 0
111, 27750, 0, 4763.128000000001
111, 27800, 0, 0
111, 27850, 0, 0
111, 27900, 0, 0
111, 27950, 0, 0
112, 28000, 0, 4589.592
112, 28050, 0, 0
112, 28100, 0, 0
112, 28150, 0, 0
112, 28200, 27.428571428571427, 0
113, 28250, 28, 5130.7047395200025
113, 28300, 0, 0
113, 28350, 0, 0
113, 28400, 0, 0
113, 28450, 0, 0
114, 28500, 0, 4909.08513888
114, 28550, 0, 0
114, 28600, 0, 0
114, 28650, 0, 0
114, 28700, 0, 0
115, 28750, 0, 4051.224
115, 28800, 0, 0
115, 28850, 0, 0
115, 28900, 0, 0
115, 28950, 0, 0
116, 29000, 0, 4862.488
116, 29050, 0, 0
116, 29100, 0, 0
116, 29150, 0, 0
116, 29200, 0, 0
117, 29250, 0, 4654.952224640001
117, 29300, 0, 0
117, 29350, 0, 0
117, 29400, 0, 0
117, 29450, 0, 0
118, 29500, 0, 4968.344000000001
118, 29550, 0, 0
118, 29600, 0, 0
118, 29650, 0, 0
118, 29700, 0, 0
119, 29750, 0, 3945.6880000000006
119, 29800, 0, 0
119, 29850, 0, 0
119, 29900, 0, 0
119, 29950, 0, 0
120, 30000, 0, 4112.7919999999995
120, 30050, 0, 0
120, 30100, 26.818181818181817, 0
120, 30150, 30.125, 0
120, 30200, 27.57894736842105, 0
121, 30250, 26.666666666666668, 6353.76217824
121, 30300, 0, 0
121, 30350, 0, 0
121, 30400, 0, 0
121, 30450, 0, 0
122, 30500, 0, 4946.839999999999
122, 30550, 0, 0
122, 30600, 0, 0
122, 30650, 27.571428571428573, 0
122, 30700, 29.115384615384617, 0
123, 30750, 29.444444444444443, 6163.983395520002
123, 30800, 0, 0
123, 30850, 0, 0
123, 30900, 0, 0
123, 30950, 0, 0
124, 31000, 26, 5106.952047040001
124, 31050, 0, 0
124, 31100, 0, 0
124, 31150, 0, 0
124, 31200, 0, 0
125, 31250, 0, 5224.919999999999
125, 31300, 0, 0
125, 31350, 0, 0
125, 31400, 30.96, 0
125, 31450, 38.1025641025641, 0
126, 31500, 31.846153846153847, 7872.95449056
126, 31550, 0, 0
126, 31600, 0, 0
126, 31650, 0, 0
126, 31700, 0, 0
127, 31750, 0, 5579.129066559999
127, 31800, 0, 0
127, 31850, 0, 0
127, 31900, 0, 0
127, 31950, 26.666666666666668, 0
128, 32000, 26, 5122.184548160001
128, 32050, 0, 0
128, 32100, 0, 0
128, 32150, 0, 0
128, 32200, 0, 0
129, 32250, 26, 5199.7550236800025
129, 32300, 0, 0
129, 32350, 0, 0
129, 32400, 0, 0
129, 32450, 0, 0
130, 32500, 0, 4045.687999999999
130, 32550, 0, 0
130, 32600, 0, 0
130, 32650, 0, 0
130, 32700, 0, 0
131, 32750, 0, 5524.956686399999
131, 32800, 0, 0
131, 32850, 0, 0
131, 32900, 26, 0
131, 32950, 28.307692307692307, 0
132, 33000, 26.75, 6418.83854912
132, 33050, 0, 0
132, 33100, 0, 0
132, 33150, 0, 0
132, 33200, 0, 0
133, 33250, 0, 5303.576
133, 33300, 0, 0
133, 33350, 0, 0
133, 33400, 0, 0
133, 33450, 0, 0
134, 33500, 0, 4853.064968000001
134, 33550, 0, 0
134, 33600, 0, 0
134, 33650, 0, 0
134, 33700, 0, 0
135, 33750, 0, 5295.5643616000025
135, 33800, 0, 0
135, 33850, 0, 0
135, 33900, 0, 0
135, 33950, 0, 0
136, 34000, 0, 4646.526606400001
136, 34050, 0, 0
136, 34100, 0, 0
136, 34150, 26.545454545454547, 0
136, 34200, 28.066666666666666, 0
137, 34250, 27.5, 6267.893808960004
137, 34300, 26.666666666666668, 0
137, 34350, 26.625, 0
137, 34400, 36, 0
137, 34450, 37.46153846153846, 0
138, 34500, 33.875, 9401.342597760002
138, 34550, 0, 0
138, 34600, 0, 0
138, 34650, 0, 0
138, 34700, 0, 0
139, 34750, 0, 5096.70079968
139, 34800, 0, 0
139, 34850, 0, 0
139, 34900, 0, 0
139, 34950, 0, 0
140, 35000, 0, 4758.36287648
140, 35050, 0, 0
140, 35100, 0, 0
140, 35150, 0, 0
140, 35200, 27.666666666666668, 0
141, 35250, 28.333333333333332, 5084.396481600001
141, 35300, 0, 0
141, 35350, 0, 0
141, 35400, 0, 0
141, 35450, 0, 0
142, 35500, 0, 4379.255999999999
142, 35550, 0, 0
142, 35600, 0, 0
142, 35650, 26, 0
142, 35700, 26, 0
143, 35750, 0, 5175.954473600001
143, 35800, 0, 0
143, 35850, 0, 0
143, 35900, 0, 0
143, 35950, 26.666666666666668, 0
144, 36000, 0, 5077.351437120002
144, 36050, 0, 0
144, 36100, 0, 0
144, 36150, 0, 0
144, 36200, 26.75, 0
145, 36250, 0, 5644.708741120002
145, 36300, 0, 0
145, 36350, 0, 0
145, 36400, 0, 0
145, 36450, 0, 0
146, 36500, 0, 4727.256
146, 36550, 0, 0
146, 36600, 0, 0
146, 36650, 26, 0
146, 36700, 35.80555555555556, 0
147, 36750, 32.76923076923077, 7497.396399680005
147, 36800, 0, 0
147, 36850, 0, 0
147, 36900, 0, 0
147, 36950, 0, 0
148, 37000, 0, 4212.727999999999
148, 37050, 0, 0
148, 37100, 0, 0
148, 37150, 0, 0
148, 37200, 0, 0
149, 37250, 26, 5495.661638720001
149, 37300, 0, 0
149, 37350, 0, 0
149, 37400, 0, 0
149, 37450, 0, 0
150, 37500, 0, 4909.111999999999
150, 37550, 0, 0
150, 37600, 0, 0
150, 37650, 26, 0
150, 37700, 26.428571428571427, 0
151, 37750, 26, 5580.144569920005
151, 37800, 0, 0
151, 37850, 0, 0
151, 37900, 0, 0
151, 37950, 0, 0
152, 38000, 0, 4752.760000000001
152, 38050, 0, 0
152, 38100, 0, 0
152, 38150, 0, 0
152, 38200, 28.434782608695652, 0
153, 38250, 29.75, 5770.87512832
153, 38300, 0, 0
153, 38350, 0, 0
153, 38400, 0, 0
153, 38450, 0, 0
154, 38500, 0, 5734.297868480004
154, 38550, 0, 0
154, 38600, 0, 0
154, 38650, 0, 0
154, 38700, 0, 0
155, 38750, 26, 4836.342565120001
155, 38800, 0, 0
155, 38850, 0, 0
155, 38900, 26, 0
155, 38950, 26.5, 0
156, 39000, 0, 6010.040784000004
156, 39050, 0, 0
156, 39100, 0, 0
156, 39150, 0, 0
156, 39200, 0, 0
157, 39250, 0, 4438.52313504
157, 39300, 26.92, 0
157, 39350, 27.857142857142858, 0
157, 39400, 29.333333333333332, 0
157, 39450, 34.205882352941174, 0
158, 39500, 30, 7907.340105599997
158, 39550, 0, 0
158, 39600, 0, 0
158, 39650, 0, 0
158, 39700, 0, 0
159, 39750, 0, 5144.568000000001
159, 39800, 0, 0
159, 39850, 0, 0
159, 39900, 0, 0
159, 39950, 0, 0
160, 40000, 0, 4959.288
160, 40050, 30.741935483870968, 0
160, 40100, 34.26470588235294, 0
160, 40150, 35.529411764705884, 0
160, 40200, 36.97222222222222, 0
161, 40250, 31.41176470588235, 10178.3997856
161, 40300, 0, 0
161, 40350, 0, 0
161, 40400, 0, 0
161, 40450, 0, 0
162, 40500, 26, 5470.9024911999995
162, 40550, 0, 0
162, 40600, 0, 0
162, 40650, 0, 0
162, 40700, 0, 0
163, 40750, 0, 4061.463999999999
163, 40800, 0, 0
163, 40850, 0, 0
163, 40900, 0, 0
163, 40950, 0, 0
164, 41000, 0, 4184.312000000001
164, 41050, 0, 0
164, 41100, 0, 0
164, 41150, 0, 0
164, 41200, 26, 0
165, 41250, 27, 5623.1768188800015
165, 41300, 0, 0
165, 41350, 28.962962962962962, 0
165, 41400, 29.476190476190474, 0
165, 41450, 26, 0
166, 41500, 27.2, 7433.90869088
166, 41550, 0, 0
166, 41600, 0, 0
166, 41650, 0, 0
166, 41700, 0, 0
167, 41750, 0, 4626.295999999999
167, 41800, 0, 0
167, 41850, 0, 0
167, 41900, 0, 0
167, 41950, 0, 0
168, 42000, 27, 4690.24851552
168, 42050, 0, 0
168, 42100, 0, 0
168, 42150, 0, 0
168, 42200, 27.363636363636363, 0
169, 42250, 28.2, 5052.421067839999
169, 42300, 0, 0
169, 42350, 0, 0
169, 42400, 0, 0
169, 42450, 0, 0
170, 42500, 0, 4527.000000000001
170, 42550, 0, 0
170, 42600, 0, 0
170, 42650, 0, 0
170, 42700, 0, 0
171, 42750, 0, 3952.696000000001
171, 42800, 0, 0
171, 42850, 0, 0
171, 42900, 0, 0
171, 42950, 0, 0
172, 43000, 0, 4234.968
172, 43050, 0, 0
172, 43100, 0, 0
172, 43150, 0, 0
172, 43200, 0, 0
173, 43250, 0, 4221.56
173, 43300, 0, 0
173, 43350, 0, 0
173, 43400, 0, 0
173, 43450, 0, 0
174, 43500, 0, 4255.64
174, 43550, 0, 0
174, 43600, 0, 0
174, 43650, 0, 0
174, 43700, 0, 0
175, 43750, 0, 4625.320218240002
175, 43800, 0, 0
175, 43850, 0, 0
175, 43900, 0, 0
175, 43950, 26, 0
176, 44000, 0, 4574.742154560002
176, 44050, 0, 0
176, 44100, 0, 0
176, 44150, 0, 0
176, 44200, 26.833333333333332, 0
177, 44250, 27.833333333333332, 5528.863576640001
177, 44300, 0, 0
177, 44350, 0, 0
177, 44400, 0, 0
177, 44450, 0, 0
178, 44500, 0, 4833.944000000001
178, 44550, 0, 0
178, 44600, 26.541666666666668, 0
178, 44650, 26.666666666666668, 0
178, 44700, 26.555555555555557, 0
179, 44750, 0, 6607.78435648
179, 44800, 0, 0
179, 44850, 0, 0
179, 44900, 0, 0
179, 44950, 0, 0
180, 45000, 0, 5263.224000000001
180, 45050, 0, 0
180, 45100, 0, 0
180, 45150, 28.5, 0
180, 45200, 27.4, 0
181, 45250, 26, 5829.504904000005
181, 45300, 0, 0
181, 45350, 0, 0
181, 45400, 0, 0
181, 45450, 0, 0
182, 45500, 0, 5594.9166371200035
182, 45550, 0, 0
182, 45600, 0, 0
182, 45650, 0, 0
182, 45700, 26.666666666666668, 0
183, 45750, 0, 5363.980223040001
183, 45800, 0, 0
183, 45850, 0, 0
183, 45900, 28.615384615384617, 0
183, 45950, 27.105263157894736, 0
184, 46000, 0, 6482.32441024
184, 46050, 0, 0
184, 46100, 0, 0
184, 46150, 0, 0
184, 46200, 0, 0
185, 46250, 0, 5435.3200000000015
185, 46300, 0, 0
185, 46350, 0, 0
185, 46400, 0, 0
185, 46450, 0, 0
186, 46500, 0, 4937.1759999999995
186, 46550, 0, 0
186, 46600, 0, 0
186, 46650, 0, 0
186, 46700, 0, 0
187, 46750, 0, 5226.650514880002
187, 46800, 0, 0
187, 46850, 0, 0
187, 46900, 0, 0
187, 46950, 0, 0
188, 47000, 0, 4874.224556800002
188, 47050, 0, 0
188, 47100, 0, 0
188, 47150, 0, 0
188, 47200, 26, 0
189, 47250, 0, 6123.900412160005
189, 47300, 0, 0
189, 47350, 0, 0
189, 47400, 0, 0
189, 47450, 0, 0
190, 47500, 0, 4930.103999999999
190, 47550, 28.347826086956523, 0
190, 47600, 30.8, 0
190, 47650, 36.37837837837838, 0
190, 47700, 35.97222222222222, 0
191, 47750, 29.727272727272727, 9372.603243199997
191, 47800, 0, 0
191, 47850, 26, 0
191, 47900, 30.12, 0
191, 47950, 29.862068965517242, 0
192, 48000, 29, 7392.95995744
192, 48050, 26, 0
192, 48100, 0, 0
192, 48150, 0, 0
192, 48200, 0, 0
193, 48250, 0, 5011.646496319999
193, 48300, 0, 0
193, 48350, 0, 0
193, 48400, 0, 0
193, 48450, 0, 0
194, 48500, 0, 5437.335999999999
194, 48550, 0, 0
194, 48600, 0, 0
194, 48650, 26, 0
194, 48700, 0, 0
195, 48750, 0, 5307.620979840002
195, 48800, 0, 0
195, 48850, 0, 0
195, 48900, 26.375, 0
195, 48950, 26.833333333333332, 0
196, 49000, 29.857142857142858, 5873.204533120002
196, 49050, 0, 0
196, 49100, 0, 0
196, 49150, 26, 0
196, 49200, 28.333333333333332, 0
197, 49250, 31.53846153846154, 6358.285621120004
197, 49300, 26, 0
197, 49350, 26.866666666666667, 0
197, 49400, 35.861111111111114, 0
197, 49450, 37.526315789473685, 0
198, 49500, 31.46153846153846, 8672.03875264
198, 49550, 0, 0
198, 49600, 0, 0
198, 49650, 0, 0
198, 49700, 0, 0
199, 49750, 0, 5506.707329920003
199, 49800, 0, 0
199, 49850, 0, 0
199, 49900, 28, 0
199, 49950, 28.41176470588235, 0
200, 50000, 27.6, 5430.251814079999
200, 50050, 0, 0
200, 50100, 0, 0
200, 50150, 26, 0
200, 50200, 26, 0
201, 50250, 0, 5552.560545600003
201, 50300, 0, 0
201, 50350, 0, 0
201, 50400, 26, 0
201, 50450, 28.61904761904762, 0
202, 50500, 30.555555555555557, 6336.583070400001
202, 50550, 0, 0
202, 50600, 0, 0
202, 50650, 0, 0
202, 50700, 28.545454545454547, 0
203, 50750, 27.333333333333332, 5835.088116160003
203, 50800, 0, 0
203, 50850, 0, 0
203, 50900, 0, 0
203, 50950, 0, 0
204, 51000, 0, 4102.776000000001
204, 51050, 0, 0
204, 51100, 0, 0
204, 51150, 0, 0
204, 51200, 26, 0
205, 51250, 29, 5646.2265708800005
205, 51300, 0, 0
205, 51350, 0, 0
205, 51400, 27, 0
205, 51450, 31.785714285714285, 0
206, 51500, 32.21052631578947, 7655.313895040003
206, 51550, 0, 0
206, 51600, 0, 0
206, 51650, 0, 0
206, 51700, 26.5, 0
207, 51750, 0, 4518.895157760002
207, 51800, 0, 0
207, 51850, 0, 0
207, 51900, 0, 0
207, 51950, 0, 0
208, 52000, 0, 4325.401034239998
208, 52050, 0, 0
208, 52100, 30.32, 0
208, 52150, 35.1764705882353, 0
208, 52200, 33.09375, 0
209, 52250, 31, 8775.019139520002
209, 52300, 0, 0
209, 52350, 0, 0
209, 52400, 0, 0
209, 52450, 26, 0
210, 52500, 0, 5759.614677440001
210, 52550, 0, 0
210, 52600, 0, 0
210, 52650, 0, 0
210, 52700, 0, 0
211, 52750, 0, 5379.992646400001
211, 52800, 0, 0
211, 52850, 0, 0
211, 52900, 0, 0
211, 52950, 0, 0
212, 53000, 0, 5377.751253440002
212, 53050, 0, 0
212, 53100, 0, 0
212, 53150, 0, 0
212, 53200, 0, 0
213, 53250, 0, 4894.712
213, 53300, 0, 0
213, 53350, 27.736842105263158, 0
213, 53400, 34.75757575757576, 0
213, 53450, 40.166666666666664, 0
214, 53500, 33.22222222222222, 8694.61019648
214, 53550, 0, 0
214, 53600, 0, 0
214, 53650, 0, 0
214, 53700, 0, 0
215, 53750, 29, 5845.207253440003
215, 53800, 0, 0
215, 53850, 0, 0
215, 53900, 0, 0
215, 53950, 0, 0
216, 54000, 29, 5489.6129984
216, 54050, 0, 0
216, 54100, 0, 0
216, 54150, 0, 0
216, 54200, 0, 0
217, 54250, 0, 5372.440000000001
217, 54300, 30.32, 0
217, 54350, 34.97222222222222, 0
217, 54400, 36.611111111111114, 0
217, 54450, 38.125, 0
218, 54500, 32.05882352941177, 10139.216599679998
218, 54550, 0, 0
218, 54600, 31.74074074074074, 0
218, 54650, 33.696969696969695, 0
218, 54700, 35.486486486486484, 0
219, 54750, 30.571428571428573, 8619.005160320003
219, 54800, 0, 0
219, 54850, 0, 0
219, 54900, 0, 0
219, 54950, 26.333333333333332, 0
220, 55000, 0, 4591.81951808
220, 55050, 0, 0
220, 55100, 26.666666666666668, 0
220, 55150, 28.823529411764707, 0
220, 55200, 28.25, 0
221, 55250, 31.22222222222222, 6884.031389120001
221, 55300, 0, 0
221, 55350, 0, 0
221, 55400, 0, 0
221, 55450, 0, 0
222, 55500, 0, 4974.360000000001
222, 55550, 0, 0
222, 55600, 0, 0
222, 55650, 0, 0
222, 55700, 0, 0
223, 55750, 0, 4983.255999999999
223, 55800, 0, 0
223, 55850, 0, 0
223, 55900, 0, 0
223, 55950, 0, 0
224, 56000, 0, 5072.01326656
224, 56050, 0, 0
224, 56100, 0, 0
224, 56150, 27.4, 0
224, 56200, 26.954545454545453, 0
225, 56250, 30.272727272727273, 6079.570738880001
225, 56300, 0, 0
225, 56350, 0, 0
225, 56400, 0, 0
225, 56450, 30.75, 0
226, 56500, 26.75, 5952.1391296
226, 56550, 0, 0
226, 56600, 0, 0
226, 56650, 0, 0
226, 56700, 0, 0
227, 56750, 0, 4349.224321600002
227, 56800, 0, 0
227, 56850, 0, 0
227, 56900, 0, 0
227, 56950, 26.6, 0
228, 57000, 27.6, 6235.88890016
228, 57050, 0, 0
228, 57100, 0, 0
228, 57150, 0, 0
228, 57200, 26, 0
229, 57250, 0, 6031.60986944
229, 57300, 0, 0
229, 57350, 27.363636363636363, 0
229, 57400, 34, 0
229, 57450, 39.12820512820513, 0
230, 57500, 35.64, 9232.014057280001
230, 57550, 26.4, 0
230, 57600, 26.866666666666667, 0
230, 57650, 35.02857142857143, 0
230, 57700, 35.13157894736842, 0
231, 57750, 31.615384615384617, 8948.660791040002
231, 57800, 28.526315789473685, 0
231, 57850, 32.87096774193548, 0
231, 57900, 44.65217391304348, 0
231, 57950, 42.24444444444445, 0
232, 58000, 35.592592592592595, 12181.340391040001
232, 58050, 0, 0
232, 58100, 0, 0
232, 58150, 0, 0
232, 58200, 26, 0
233, 58250, 29.6, 6363.265906560005
233, 58300, 0, 0
233, 58350, 26, 0
233, 58400, 32.77777777777778, 0
233, 58450, 36.27777777777778, 0
234, 58500, 30.083333333333332, 7878.477477759997
234, 58550, 0, 0
234, 58600, 0, 0
234, 58650, 0, 0
234, 58700, 0, 0
235, 58750, 26, 4663.391078080001
235, 58800, 0, 0
235, 58850, 0, 0
235, 58900, 26.8, 0
235, 58950, 26, 0
236, 59000, 30.272727272727273, 6035.145893760001
236, 59050, 27, 0
236, 59100, 26.916666666666668, 0
236, 59150, 26, 0
236, 59200, 0, 0
237, 59250, 0, 6072.774215360001
237, 59300, 0, 0
237, 59350, 0, 0
237, 59400, 29.464285714285715, 0
237, 59450, 34.23529411764706, 0
238, 59500, 30.444444444444443, 7649.922289279999
238, 59550, 0, 0
238, 59600, 0, 0
238, 59650, 26, 0
238, 59700, 0, 0
239, 59750, 0, 5769.5474380800015
239, 59800, 0, 0
239, 59850, 0, 0
239, 59900, 0, 0
239, 59950, 0, 0
240, 60000, 0, 5025.975999999999
240, 60050, 0, 0
240, 60100, 26, 0
240, 60150, 34.71875, 0
240, 60200, 39.729729729729726, 0
241, 60250, 36.22727272727273, 8997.88933504
241, 60300, 0, 0
241, 60350, 0, 0
241, 60400, 0, 0
241, 60450, 0, 0
242, 60500, 0, 5408.440000000001
242, 60550, 0, 0
242, 60600, 26.857142857142858, 0
242, 60650, 29.458333333333332, 0
242, 60700, 35.08571428571429, 0
243, 60750, 30.363636363636363, 7640.383355840001
243, 60800, 0, 0
243, 60850, 0, 0
243, 60900, 0, 0
243, 60950, 0, 0
244, 61000, 0, 5309.752
244, 61050, 0, 0
244, 61100, 0, 0
244, 61150, 28.705882352941178, 0
244, 61200, 28.26086956521739, 0
245, 61250, 28.285714285714285, 6393.46888704
245, 61300, 0, 0
245, 61350, 0, 0
245, 61400, 0, 0
245, 61450, 0, 0
246, 61500, 0, 5161.143999999999
246, 61550, 0, 0
246, 61600, 0, 0
246, 61650, 0, 0
246, 61700, 26, 0
247, 61750, 0, 5346.960915519999
247, 61800, 0, 0
247, 61850, 26.666666666666668, 0
247, 61900, 31.357142857142858, 0
247, 61950, 32.645161290322584, 0
248, 62000, 28.333333333333332, 7782.336081920001
248, 62050, 0, 0
248, 62100, 0, 0
248, 62150, 0, 0
248, 62200, 26, 0
249, 62250, 0, 5706.472670720008
249, 62300, 0, 0
249, 62350, 0, 0
249, 62400, 0, 0
249, 62450, 29.625, 0
250, 62500, 30.53846153846154, 6900.11363872
250, 62550, 26, 0
250, 62600, 0, 0
250, 62650, 0, 0
250, 62700, 0, 0
251, 62750, 0, 5413.073587840002
251, 62800, 0, 0
251, 62850, 0, 0
251, 62900, 0, 0
251, 62950, 0, 0
252, 63000, 0, 4816.727999999999
252, 63050, 0, 0
252, 63100, 0, 0
252, 63150, 27.5, 0
252, 63200, 31.884615384615383, 0
253, 63250, 29.555555555555557, 6840.039937600002
253, 63300, 0, 0
253, 63350, 0, 0
253, 63400, 0, 0
253, 63450, 28.571428571428573, 0
254, 63500, 0, 5349.636779840001
254, 63550, 0, 0
254, 63600, 0, 0
254, 63650, 0, 0
254, 63700, 0, 0
255, 63750, 0, 4968.695999999999
255, 63800, 0, 0
255, 63850, 0, 0
255, 63900, 29, 0
255, 63950, 0, 0
256, 64000, 28, 5997.109004480005
256, 64050, 0, 0
256, 64100, 0, 0
256, 64150, 35.810810810810814, 0
256, 64200, 45.15217391304348, 0
257, 64250, 33.541666666666664, 9296.715371520002
257, 64300, 0, 0
257, 64350, 0, 0
257, 64400, 0, 0
257, 64450, 0, 0
258, 64500, 0, 4545.656
258, 64550, 0, 0
258, 64600, 0, 0
258, 64650, 0, 0
258, 64700, 0, 0
259, 64750, 0, 4993.944
259, 64800, 0, 0
259, 64850, 0, 0
259, 64900, 0, 0
259, 64950, 0, 0
260, 65000, 0, 5729.683640320004
260, 65050, 0, 0
260, 65100, 0, 0
260, 65150, 0, 0
260, 65200, 0, 0
261, 65250, 26, 5073.168026880003
261, 65300, 0, 0
261, 65350, 27, 0
261, 65400, 32.56666666666667, 0
261, 65450, 36.810810810810814, 0
262, 65500, 34, 8525.451516160001
262, 65550, 0, 0
262, 65600, 0, 0
262, 65650, 26.5, 0
262, 65700, 26.666666666666668, 0
263, 65750, 0, 5369.084092160002
263, 65800, 0, 0
263, 65850, 0, 0
263, 65900, 0, 0
263, 65950, 26.666666666666668, 0
264, 66000, 0, 5541.44222624
264, 66050, 0, 0
264, 66100, 0, 0
264, 66150, 0, 0
264, 66200, 0, 0
265, 66250, 0, 5212.376000000001
265, 66300, 0, 0
265, 66350, 0, 0
265, 66400, 0, 0
265, 66450, 0, 0
266, 66500, 30.1, 5780.83645344
266, 66550, 0, 0
266, 66600, 0, 0
266, 66650, 0, 0
266, 66700, 0, 0
267, 66750, 0, 5258.5379152
267, 66800, 32.96296296296296, 0
267, 66850, 35.611111111111114, 0
267, 66900, 35.588235294117645, 0
267, 66950, 35.7027027027027, 0
268, 67000, 30.333333333333332, 10527.84042144
268, 67050, 0, 0
268, 67100, 26, 0
268, 67150, 26, 0
268, 67200, 0, 0
269, 67250, 0, 6635.52003616001
269, 67300, 0, 0
269, 67350, 0, 0
269, 67400, 0, 0
269, 67450, 0, 0
270, 67500, 0, 5226.640336960001
270, 67550, 0, 0
270, 67600, 0, 0
270, 67650, 0, 0
270, 67700, 0, 0
271, 67750, 0, 5416.6
271, 67800, 26.5, 0
271, 67850, 0, 0
271, 67900, 26.5, 0
271, 67950, 32.5625, 0
272, 68000, 32.666666666666664, 7048.80806336
272, 68050, 0, 0
272, 68100, 0, 0
272, 68150, 0, 0
272, 68200, 26, 0
273, 68250, 27.666666666666668, 5482.352747839999
273, 68300, 0, 0
273, 68350, 0, 0
273, 68400, 0, 0
273, 68450, 0, 0
274, 68500, 0, 4965.638537600002
274, 68550, 0, 0
274, 68600, 0, 0
274, 68650, 0, 0
274, 68700, 26.625, 0
275, 68750, 28.5, 5648.066688640003
275, 68800, 29.05, 0
275, 68850, 28.8, 0
275, 68900, 31.448275862068964, 0
275, 68950, 30.448275862068964, 0
276, 69000, 29, 7798.594982400004
276, 69050, 0, 0
276, 69100, 0, 0
276, 69150, 0, 0
276, 69200, 0, 0
277, 69250, 0, 4824.84776832
277, 69300, 0, 0
277, 69350, 0, 0
277, 69400, 0, 0
277, 69450, 0, 0
278, 69500, 0, 5282.424000000002
278, 69550, 0, 0
278, 69600, 0, 0
278, 69650, 0, 0
278, 69700, 0, 0
279, 69750, 0, 5895.896000000001
279, 69800, 0, 0
279, 69850, 0, 0
279, 69900, 26, 0
279, 69950, 28.3, 0
280, 70000, 31.5, 6006.6416902400015
280, 70050, 0, 0
280, 70100, 0, 0
280, 70150, 0, 0
280, 70200, 27, 0
281, 70250, 0, 4660.83101024
281, 70300, 0, 0
281, 70350, 0, 0
281, 70400, 0, 0
281, 70450, 0, 0
282, 70500, 0, 5562.379101120002
282, 70550, 27, 0
282, 70600, 29.235294117647058, 0
282, 70650, 35.72727272727273, 0
282, 70700, 33.96875, 0
283, 70750, 31.333333333333332, 8906.085275840003
283, 70800, 0, 0
283, 70850, 0, 0
283, 70900, 26, 0
283, 70950, 31.40740740740741, 0
284, 71000, 30.90909090909091, 6853.183723520004
284, 71050, 0, 0
284, 71100, 0, 0
284, 71150, 0, 0
284, 71200, 0, 0
285, 71250, 26, 4835.18497696
285, 71300, 0, 0
285, 71350, 0, 0
285, 71400, 0, 0
285, 71450, 0, 0
286, 71500, 0, 4902.328000000001
286, 71550, 0, 0
286, 71600, 0, 0
286, 71650, 0, 0
286, 71700, 0, 0
287, 71750, 0, 4899.51251712
287, 71800, 28.789473684210527, 0
287, 71850, 29.294117647058822, 0
287, 71900, 30.137931034482758, 0
287, 71950, 30.083333333333332, 0
288, 72000, 30, 8276.09188224
288, 72050, 27, 0
288, 72100, 27.4, 0
288, 72150, 27, 0
288, 72200, 44.297872340425535, 0
289, 72250, 35.85, 9206.42502816
289, 72300, 0, 0
289, 72350, 0, 0
289, 72400, 0, 0
289, 72450, 0, 0
290, 72500, 0, 4932.787116480001
290, 72550, 0, 0
290, 72600, 0, 0
290, 72650, 0, 0
290, 72700, 0, 0
291, 72750, 0, 5131.3666992000035
291, 72800, 0, 0
291, 72850, 26.25, 0
291, 72900, 27.416666666666668, 0
291, 72950, 26.5, 0
292, 73000, 0, 5858.027547200004
292, 73050, 0, 0
292, 73100, 0, 0
292, 73150, 28, 0
292, 73200, 29.25, 0
293, 73250, 30.4, 6423.04571584
293, 73300, 0, 0
293, 73350, 27, 0
293, 73400, 34.85, 0
293, 73450, 37.473684210526315, 0
294, 73500, 32.294117647058826, 8604.627725120003
294, 73550, 0, 0
294, 73600, 0, 0
294, 73650, 0, 0
294, 73700, 0, 0
295, 73750, 0, 4492.183999999999
295, 73800, 26.25, 0
295, 73850, 27.125, 0
295, 73900, 28.5, 0
295, 73950, 27.5, 0
296, 74000, 0, 6671.672653119998
296, 74050, 0, 0
296, 74100, 26.571428571428573, 0
296, 74150, 26, 0
296, 74200, 34.03030303030303, 0
297, 74250, 31.736842105263158, 7832.3002768000015
297, 74300, 0, 0
297, 74350, 0, 0
297, 74400, 0, 0
297, 74450, 0, 0
298, 74500, 0, 6094.627829119997
298, 74550, 0, 0
298, 74600, 27.333333333333332, 0
298, 74650, 32.354838709677416, 0
298, 74700, 37.256410256410255, 0
299, 74750, 34.333333333333336, 8338.71093664
299, 74800, 0, 0
299, 74850, 0, 0
299, 74900, 0, 0
299, 74950, 0, 0
300, 75000, 0, 4731.576000000001
300, 75050, 26, 0
300, 75100, 28.8, 0
300, 75150, 28.866666666666667, 0
300, 75200, 38.26315789473684, 0
301, 75250, 34.26315789473684, 8846.852310080003
301, 75300, 0, 0
301, 75350, 0, 0
301, 75400, 0, 0
301, 75450, 0, 0
302, 75500, 0, 4925.239999999999
302, 75550, 0, 0
302, 75600, 0, 0
302, 75650, 0, 0
302, 75700, 0, 0
303, 75750, 0, 5644.7382454399985
303, 75800, 0, 0
303, 75850, 0, 0
303, 75900, 0, 0
303, 75950, 0, 0
304, 76000, 0, 6163.572409280002
304, 76050, 0, 0
304, 76100, 27.875, 0
304, 76150, 27.3125, 0
304, 76200, 27, 0
305, 76250, 29.272727272727273, 6098.20704608
305, 76300, 0, 0
305, 76350, 0, 0
305, 76400, 0, 0
305, 76450, 0, 0
306, 76500, 0, 5474.424969600001
306, 76550, 0, 0
306, 76600, 0, 0
306, 76650, 0, 0
306, 76700, 32.193548387096776, 0
307, 76750, 31.8, 6587.657277760001
307, 76800, 0, 0
307, 76850, 28.5, 0
307, 76900, 27.923076923076923, 0
307, 76950, 28.733333333333334, 0
308, 77000, 26, 6661.790496640004
308, 77050, 0, 0
308, 77100, 0, 0
308, 77150, 27.333333333333332, 0
308, 77200, 33.354838709677416, 0
309, 77250, 36, 8129.772771840002
309, 77300, 0, 0
309, 77350, 0, 0
309, 77400, 0, 0
309, 77450, 27.22222222222222, 0
310, 77500, 26, 6116.755280000005
310, 77550, 26, 0
310, 77600, 41.11904761904762, 0
310, 77650, 42.97727272727273, 0
310, 77700, 42.23913043478261, 0
311, 77750, 34.78260869565217, 13166.95058016
311, 77800, 0, 0
311, 77850, 0, 0
311, 77900, 0, 0
311, 77950, 0, 0
312, 78000, 0, 5863.934751680001
312, 78050, 0, 0
312, 78100, 0, 0
312, 78150, 0, 0
312, 78200, 0, 0
313, 78250, 0, 5666.7900496
313, 78300, 0, 0
313, 78350, 0, 0
313, 78400, 32.142857142857146, 0
313, 78450, 32.81818181818182, 0
314, 78500, 31.375, 7006.895494400001
314, 78550, 0, 0
314, 78600, 0, 0
314, 78650, 0, 0
314, 78700, 26, 0
315, 78750, 29.3, 5849.389700160001
315, 78800, 0, 0
315, 78850, 0, 0
315, 78900, 0, 0
315, 78950, 28.5625, 0
316, 79000, 34.80952380952381, 6099.107193920001
316, 79050, 0, 0
316, 79100, 0, 0
316, 79150, 0, 0
316, 79200, 27.2, 0
317, 79250, 26.5, 5855.079239040002
317, 79300, 0, 0
317, 79350, 0, 0
317, 79400, 0, 0
317, 79450, 26, 0
318, 79500, 0, 6223.399827200001
318, 79550, 0, 0
318, 79600, 0, 0
318, 79650, 0, 0
318, 79700, 0, 0
319, 79750, 0, 5287.480000000001
319, 79800, 0, 0
319, 79850, 0, 0
319, 79900, 27, 0
319, 79950, 28.541666666666668, 0
320, 80000, 28.142857142857142, 5963.224131520002
320, 80050, 0, 0
320, 80100, 0, 0
320, 80150, 0, 0
320, 80200, 0, 0
321, 80250, 0, 5075.7581328
321, 80300, 0, 0
321, 80350, 26.333333333333332, 0
321, 80400, 26.166666666666668, 0
321, 80450, 35.22222222222222, 0
322, 80500, 31.428571428571427, 8432.592334080004
322, 80550, 0, 0
322, 80600, 0, 0
322, 80650, 0, 0
322, 80700, 0, 0
323, 80750, 0, 4970.488
323, 80800, 0, 0
323, 80850, 0, 0
323, 80900, 0, 0
323, 80950, 0, 0
324, 81000, 27, 5403.626777920002
324, 81050, 0, 0
324, 81100, 0, 0
324, 81150, 28.96153846153846, 0
324, 81200, 32.774193548387096, 0
325, 81250, 28.77777777777778, 7311.8014387200055
325, 81300, 0, 0
325, 81350, 0, 0
325, 81400, 0, 0
325, 81450, 27, 0
326, 81500, 26, 5627.581265279999
326, 81550, 0, 0
326, 81600, 0, 0
326, 81650, 0, 0
326, 81700, 27.181818181818183, 0
327, 81750, 27, 6501.284955839999
327, 81800, 0, 0
327, 81850, 27.076923076923077, 0
327, 81900, 31.0625, 0
327, 81950, 32.36363636363637, 0
328, 82000, 28.428571428571427, 7662.420977919999
328, 82050, 0, 0
328, 82100, 0, 0
328, 82150, 0, 0
328, 82200, 0, 0
329, 82250, 0, 4582.071999999999
329, 82300, 0, 0
329, 82350, 0, 0
329, 82400, 27.8, 0
329, 82450, 38.333333333333336, 0
330, 82500, 32.142857142857146, 7808.908121599999
330, 82550, 0, 0
330, 82600, 0, 0
330, 82650, 28, 0
330, 82700, 26.5, 0
331, 82750, 30.555555555555557, 5518.325156800003
331, 82800, 0, 0
331, 82850, 0, 0
331, 82900, 0, 0
331, 82950, 0, 0
332, 83000, 31.6, 5809.233610880001
332, 83050, 0, 0
332, 83100, 30.666666666666668, 0
332, 83150, 30, 0
332, 83200, 31.78125, 0
333, 83250, 29.166666666666668, 7501.909990400002
333, 83300, 0, 0
333, 83350, 0, 0
333, 83400, 0, 0
333, 83450, 26.5, 0
334, 83500, 0, 4843.535121920004
334, 83550, 26.46153846153846, 0
334, 83600, 31.419354838709676, 0
334, 83650, 33.696969696969695, 0
334, 83700, 32.87096774193548, 0
335, 83750, 28.444444444444443, 9097.620592640002
335, 83800, 0, 0
335, 83850, 0, 0
335, 83900, 0, 0
335, 83950, 27, 0
336, 84000, 30.375, 5467.294713600002
336, 84050, 0, 0
336, 84100, 0, 0
336, 84150, 0, 0
336, 84200, 0, 0
337, 84250, 0, 5294.113760640002
337, 84300, 0, 0
337, 84350, 0, 0
337, 84400, 0, 0
337, 84450, 0, 0
338, 84500, 0, 5308.338450879999
338, 84550, 0, 0
338, 84600, 0, 0
338, 84650, 0, 0
338, 84700, 27.75, 0
339, 84750, 0, 5221.13977984
339, 84800, 0, 0
339, 84850, 26, 0
339, 84900, 26.727272727272727, 0
339, 84950, 29.5, 0
340, 85000, 27.5, 6739.024201920005
340, 85050, 0, 0
340, 85100, 0, 0
340, 85150, 0, 0
340, 85200, 0, 0
341, 85250, 0, 4980.312
341, 85300, 0, 0
341, 85350, 0, 0
341, 85400, 26, 0
341, 85450, 28.956521739130434, 0
342, 85500, 30.5, 7053.150968320001
342, 85550, 0, 0
342, 85600, 0, 0
342, 85650, 0, 0
342, 85700, 26.933333333333334, 0
343, 85750, 26.333333333333332, 5976.839734400002
343, 85800, 0, 0
343, 85850, 0, 0
343, 85900, 0, 0
343, 85950, 0, 0
344, 86000, 0, 4583.544000000001
344, 86050, 0, 0
344, 86100, 0, 0
344, 86150, 0, 0
344, 86200, 0, 0
345, 86250, 26, 6359.834779520001
345, 86300, 27.714285714285715, 0
345, 86350, 26, 0
345, 86400, 29.22222222222222, 0
345, 86450, 31.741935483870968, 0
346, 86500, 29.5, 7310.3517168
346, 86550, 0, 0
346, 86600, 28, 0
346, 86650, 26.333333333333332, 0
346, 86700, 27.318181818181817, 0
347, 86750, 29.77777777777778, 6369.353339519999
347, 86800, 0, 0
347, 86850, 0, 0
347, 86900, 0, 0
347, 86950, 0, 0
348, 87000, 0, 5449.720000000001
348, 87050, 0, 0
348, 87100, 0, 0
348, 87150, 0, 0
348, 87200, 0, 0
349, 87250, 0, 5342.552
349, 87300, 0, 0
349, 87350, 0, 0
349, 87400, 0, 0
349, 87450, 0, 0
350, 87500, 0, 5067.096000000001
350, 87550, 0, 0
350, 87600, 0, 0
350, 87650, 28.9375, 0
350, 87700, 33.59375, 0
351, 87750, 32.2, 7930.4076892799985
351, 87800, 0, 0
351, 87850, 0, 0
351, 87900, 0, 0
351, 87950, 0, 0
352, 88000, 0, 5236.152000000001
352, 88050, 0, 0
352, 88100, 0, 0
352, 88150, 0, 0
352, 88200, 26.666666666666668, 0
353, 88250, 28, 5262.140315200001
353, 88300, 0, 0
353, 88350, 0, 0
353, 88400, 0, 0
353, 88450, 0, 0
354, 88500, 0, 6710.839999999999
354, 88550, 0, 0
354, 88600, 0, 0
354, 88650, 0, 0
354, 88700, 0, 0
355, 88750, 0, 4549.111999999999
355, 88800, 0, 0
355, 88850, 0, 0
355, 88900, 0, 0
355, 88950, 0, 0
356, 89000, 0, 4314.808
356, 89050, 0, 0
356, 89100, 0, 0
356, 89150, 0, 0
356, 89200, 0, 0
357, 89250, 0, 5420.66406144
357, 89300, 0, 0
357, 89350, 0, 0
357, 89400, 0, 0
357, 89450, 27.363636363636363, 0
358, 89500, 29.22222222222222, 6031.6417728
358, 89550, 0, 0
358, 89600, 0, 0
358, 89650, 0, 0
358, 89700, 0, 0
359, 89750, 0, 5282.743999999999
359, 89800, 0, 0
359, 89850, 0, 0
359, 89900, 0, 0
359, 89950, 0, 0
360, 90000, 0, 4429.719999999998
360, 90050, 0, 0
360, 90100, 0, 0
360, 90150, 26, 0
360, 90200, 28.423076923076923, 0
361, 90250, 28.11111111111111, 6052.704075840003
361, 90300, 0, 0
361, 90350, 0, 0
361, 90400, 0, 0
361, 90450, 0, 0
362, 90500, 0, 5729.4
362, 90550, 0, 0
362, 90600, 0, 0
362, 90650, 0, 0
362, 90700, 0, 0
363, 90750, 0, 4884.472
363, 90800, 0, 0
363, 90850, 0, 0
363, 90900, 0, 0
363, 90950, 0, 0
364, 91000, 0, 5253.944
364, 91050, 0, 0
364, 91100, 31.379310344827587, 0
364, 91150, 40.07142857142857, 0
364, 91200, 43.23913043478261, 0
365, 91250, 36, 11145.36255136
365, 91300, 0, 0
365, 91350, 0, 0
365, 91400, 26.555555555555557, 0
365, 91450, 27.333333333333332, 0
366, 91500, 27, 6174.62656544
366, 91550, 0, 0
366, 91600, 0, 0
366, 91650, 0, 0
366, 91700, 0, 0
367, 91750, 0, 5401.399999999999
367, 91800, 0, 0
367, 91850, 0, 0
367, 91900, 0, 0
367, 91950, 0, 0
368, 92000, 26.25, 4770.496047679999
368, 92050, 0, 0
368, 92100, 0, 0
368, 92150, 0, 0
368, 92200, 0, 0
369, 92250, 26, 5584.069884800002
369, 92300, 0, 0
369, 92350, 0, 0
369, 92400, 0, 0
369, 92450, 0, 0
370, 92500, 0, 5249.08
370, 92550, 0, 0
370, 92600, 0, 0
370, 92650, 0, 0
370, 92700, 0, 0
371, 92750, 0, 5296.375999999998
371, 92800, 0, 0
371, 92850, 0, 0
371, 92900, 0, 0
371, 92950, 0, 0
372, 93000, 0, 5947.736000000001
372, 93050, 0, 0
372, 93100, 0, 0
372, 93150, 0, 0
372, 93200, 0, 0
373, 93250, 0, 5096.0560000000005
373, 93300, 0, 0
373, 93350, 0, 0
373, 93400, 0, 0
373, 93450, 26, 0
374, 93500, 0, 5457.543989119998
374, 93550, 0, 0
374, 93600, 0, 0
374, 93650, 0, 0
374, 93700, 26.76923076923077, 0
375, 93750, 27.5, 5289.903755840001
375, 93800, 0, 0
375, 93850, 0, 0
375, 93900, 0, 0
375, 93950, 0, 0
376, 94000, 0, 6098.682007360003
376, 94050, 0, 0
376, 94100, 0, 0
376, 94150, 0, 0
376, 94200, 0, 0
377, 94250, 0, 5191.192000000001
377, 94300, 0, 0
377, 94350, 0, 0
377, 94400, 0, 0
377, 94450, 0, 0
378, 94500, 0, 5757.112000000002
378, 94550, 0, 0
378, 94600, 0, 0
378, 94650, 0, 0
378, 94700, 0, 0
379, 94750, 0, 4865.784
379, 94800, 0, 0
379, 94850, 26, 0
379, 94900, 26.4, 0
379, 94950, 27.083333333333332, 0
380, 95000, 26, 6390.892010559998
380, 95050, 0, 0
380, 95100, 0, 0
380, 95150, 0, 0
380, 95200, 0, 0
381, 95250, 0, 4987.065583680001
381, 95300, 0, 0
381, 95350, 0, 0
381, 95400, 26.833333333333332, 0
381, 95450, 33.666666666666664, 0
382, 95500, 29.636363636363637, 7220.472847040002
382, 95550, 0, 0
382, 95600, 0, 0
382, 95650, 0, 0
382, 95700, 29.761904761904763, 0
383, 95750, 29.545454545454547, 6407.664701120002
383, 95800, 0, 0
383, 95850, 0, 0
383, 95900, 0, 0
383, 95950, 0, 0
384, 96000, 0, 4445.335999999999
384, 96050, 0, 0
384, 96100, 0, 0
384, 96150, 0, 0
384, 96200, 0, 0
385, 96250, 0, 5240.1068102399995
385, 96300, 0, 0
385, 96350, 0, 0
385, 96400, 0, 0
385, 96450, 0, 0
386, 96500, 0, 6275.557170880005
386, 96550, 0, 0
386, 96600, 0, 0
386, 96650, 0, 0
386, 96700, 0, 0
387, 96750, 0, 4717.624000000002
387, 96800, 0, 0
387, 96850, 0, 0
387, 96900, 26, 0
387, 96950, 31.892857142857142, 0
388, 97000, 29.76923076923077, 6810.536505600004
388, 97050, 0, 0
388, 97100, 0, 0
388, 97150, 0, 0
388, 97200, 0, 0
389, 97250, 0, 5570.007999999998
389, 97300, 28.782608695652176, 0
389, 97350, 30.083333333333332, 0
389, 97400, 30.035714285714285, 0
389, 97450, 30, 0
390, 97500, 29.444444444444443, 8517.343734080001
390, 97550, 0, 0
390, 97600, 0, 0
390, 97650, 0, 0
390, 97700, 0, 0
391, 97750, 0, 4947.1078937600005
391, 97800, 0, 0
391, 97850, 0, 0
391, 97900, 0, 0
391, 97950, 0, 0
392, 98000, 0, 4382.712000000002
392, 98050, 0, 0
392, 98100, 0, 0
392, 98150, 0, 0
392, 98200, 29.24, 0
393, 98250, 29.142857142857142, 6466.91978432
393, 98300, 0, 0
393, 98350, 0, 0
393, 98400, 26.625, 0
393, 98450, 32.75757575757576, 0
394, 98500, 31.166666666666668, 7055.738377280001
394, 98550, 0, 0
394, 98600, 0, 0
394, 98650, 0, 0
394, 98700, 0, 0
395, 98750, 0, 4766.906520959999
395, 98800, 29.083333333333332, 0
395, 98850, 33.16129032258065, 0
395, 98900, 33.59375, 0
395, 98950, 34.14705882352941, 0
396, 99000, 30.727272727272727, 9308.55970432
396, 99050, 0, 0
396, 99100, 0, 0
396, 99150, 0, 0
396, 99200, 0, 0
397, 99250, 27.8, 5826.081826240003
397, 99300, 0, 0
397, 99350, 28.3125, 0
397, 99400, 35.54838709677419, 0
397, 99450, 42.68888888888889, 0
398, 99500, 31.61904761904762, 9862.669715519996
398, 99550, 0, 0
398, 99600, 0, 0
398, 99650, 26, 0
398, 99700, 0, 0
399, 99750, 27, 6299.007873280002
399, 99800, 0, 0
399, 99850, 35.13333333333333, 0
399, 99900, 43.32608695652174, 0
399, 99950, 41.54761904761905, 0
400, 100000, 34.041666666666664, 11680.40568416
400, 100050, 0, 0
400, 100100, 31.227272727272727, 0
400, 100150, 33.41935483870968, 0
400, 100200, 35.542857142857144, 0
401, 100250, 32.6, 8541.273422719996
401, 100300, 0, 0
401, 100350, 0, 0
401, 100400, 0, 0
401, 100450, 0, 0
402, 100500, 0, 5598.936000000001
402, 100550, 0, 0
402, 100600, 0, 0
402, 100650, 0, 0
402, 100700, 0, 0
403, 100750, 0, 5223.599428800001
403, 100800, 26, 0
403, 100850, 27, 0
403, 100900, 30.416666666666668, 0
403, 100950, 32.6875, 0
404, 101000, 29.333333333333332, 7749.79446144
404, 101050, 0, 0
404, 101100, 0, 0
404, 101150, 27.22222222222222, 0
404, 101200, 27.90909090909091, 0
405, 101250, 26.666666666666668, 6450.321263040004
405, 101300, 0, 0
405, 101350, 0, 0
405, 101400, 26, 0
405, 101450, 26.5, 0
406, 101500, 28, 5568.678357120001
406, 101550, 0, 0
406, 101600, 27.818181818181817, 0
406, 101650, 27.05, 0
406, 101700, 26.866666666666667, 0
407, 101750, 27.4, 6314.900862399999
407, 101800, 0, 0
407, 101850, 26, 0
407, 101900, 26, 0
407, 101950, 26, 0
408, 102000, 27, 6958.558016960002
408, 102050, 0, 0
408, 102100, 0, 0
408, 102150, 28.416666666666668, 0
408, 102200, 34.72222222222222, 0
409, 102250, 34.21739130434783, 8245.54680544
409, 102300, 0, 0
409, 102350, 0, 0
409, 102400, 0, 0
409, 102450, 0, 0
410, 102500, 0, 6193.56
410, 102550, 0, 0
410, 102600, 0, 0
410, 102650, 26, 0
410, 102700, 26, 0
411, 102750, 0, 6330.275522560001
411, 102800, 0, 0
411, 102850, 0, 0
411, 102900, 0, 0
411, 102950, 0, 0
412, 103000, 0, 5281.944
412, 103050, 0, 0
412, 103100, 0, 0
412, 103150, 26, 0
412, 103200, 28.333333333333332, 0
413, 103250, 26, 6048.205585599999
413, 103300, 0, 0
413, 103350, 0, 0
413, 103400, 27.333333333333332, 0
413, 103450, 29.08, 0
414, 103500, 29, 6451.614000640002
414, 103550, 26.666666666666668, 0
414, 103600, 0, 0
414, 103650, 0, 0
414, 103700, 0, 0
415, 103750, 0, 5262.777567680003
415, 103800, 0, 0
415, 103850, 0, 0
415, 103900, 0, 0
415, 103950, 28.214285714285715, 0
416, 104000, 27.5, 6292.628604479998
416, 104050, 0, 0
416, 104100, 0, 0
416, 104150, 0, 0
416, 104200, 0, 0
417, 104250, 0, 4291.223999999999
417, 104300, 0, 0
417, 104350, 0, 0
417, 104400, 0, 0
417, 104450, 0, 0
418, 104500, 0, 5314.634500160003
418, 104550, 28.22222222222222, 0
418, 104600, 32.03225806451613, 0
418, 104650, 38.41025641025641, 0
418, 104700, 39.95, 0
419, 104750, 34.65, 10818.854189440002
419, 104800, 0, 0
419, 104850, 0, 0
419, 104900, 26.625, 0
419, 104950, 27.266666666666666, 0
420, 105000, 28.4, 6409.022594879998
420, 105050, 0, 0
420, 105100, 0, 0
420, 105150, 0, 0
420, 105200, 26, 0
421, 105250, 0, 5536.266884800001
421, 105300, 0, 0
421, 105350, 0, 0
421, 105400, 26, 0
421, 105450, 26, 0
422, 105500, 26, 5885.249906239999
422, 105550, 0, 0
422, 105600, 27.928571428571427, 0
422, 105650, 28.416666666666668, 0
422, 105700, 30.208333333333332, 0
423, 105750, 0, 7112.774194880002
423, 105800, 0, 0
423, 105850, 0, 0
423, 105900, 0, 0
423, 105950, 30.14814814814815, 0
424, 106000, 28.444444444444443, 6071.1874448000035
424, 106050, 0, 0
424, 106100, 0, 0
424, 106150, 0, 0
424, 106200, 0, 0
425, 106250, 0, 5994.189521920003
425, 106300, 27.866666666666667, 0
425, 106350, 28.58823529411765, 0
425, 106400, 30.615384615384617, 0
425, 106450, 32.46875, 0
426, 106500, 30.11111111111111, 7674.027915200001
426, 106550, 0, 0
426, 106600, 0, 0
426, 106650, 0, 0
426, 106700, 0, 0
427, 106750, 28.5, 5460.35440384
427, 106800, 0, 0
427, 106850, 0, 0
427, 106900, 0, 0
427, 106950, 26, 0
428, 107000, 0, 6165.911864960004
428, 107050, 0, 0
428, 107100, 26, 0
428, 107150, 27.2, 0
428, 107200, 28.555555555555557, 0
429, 107250, 30.428571428571427, 6131.620442560002
429, 107300, 0, 0
429, 107350, 0, 0
429, 107400, 28.25, 0
429, 107450, 32.774193548387096, 0
430, 107500, 29.4, 7196.2106886400015
430, 107550, 0, 0
430, 107600, 27.833333333333332, 0
430, 107650, 36, 0
430, 107700, 38.86842105263158, 0
431, 107750, 33.714285714285715, 9897.0653744
431, 107800, 0, 0
431, 107850, 0, 0
431, 107900, 0, 0
431, 107950, 0, 0
432, 108000, 0, 5357.176000000001
432, 108050, 0, 0
432, 108100, 26.5, 0
432, 108150, 33.970588235294116, 0
432, 108200, 39.23684210526316, 0
433, 108250, 31.63157894736842, 8952.299160319999
433, 108300, 26.9, 0
433, 108350, 28, 0
433, 108400, 27.941176470588236, 0
433, 108450, 28.176470588235293, 0
434, 108500, 28.142857142857142, 7066.10789664
434, 108550, 0, 0
434, 108600, 0, 0
434, 108650, 0, 0
434, 108700, 0, 0
435, 108750, 27.333333333333332, 5142.70539072
435, 108800, 0, 0
435, 108850, 0, 0
435, 108900, 0, 0
435, 108950, 0, 0
436, 109000, 0, 5261.463999999998
436, 109050, 0, 0
436, 109100, 0, 0
436, 109150, 0, 0
436, 109200, 0, 0
437, 109250, 0, 4995.8
437, 109300, 0, 0
437, 109350, 0, 0
437, 109400, 0, 0
437, 109450, 0, 0
438, 109500, 0, 4481.436266240002
438, 109550, 0, 0
438, 109600, 0, 0
438, 109650, 26, 0
438, 109700, 27.8125, 0
439, 109750, 29, 6602.893872000002
439, 109800, 0, 0
439, 109850, 0, 0
439, 109900, 0, 0
439, 109950, 28, 0
440, 110000, 30.5, 6451.1224099200035
440, 110050, 0, 0
440, 110100, 0, 0
440, 110150, 0, 0
440, 110200, 26.545454545454547, 0
441, 110250, 29, 6277.800697279999
441, 110300, 0, 0
441, 110350, 0, 0
441, 110400, 0, 0
441, 110450, 0, 0
442, 110500, 0, 6184.0875734400015
442, 110550, 0, 0
442, 110600, 0, 0
442, 110650, 0, 0
442, 110700, 26, 0
443, 110750, 27.25, 6108.830345280003
443, 110800, 0, 0
443, 110850, 26.333333333333332, 0
443, 110900, 0, 0
443, 110950, 26, 0
444, 111000, 0, 5676.677743680002
444, 111050, 0, 0
444, 111100, 0, 0
444, 111150, 0, 0
444, 111200, 26.625, 0
445, 111250, 26, 5845.209771520003
445, 111300, 28.681818181818183, 0
445, 111350, 28.416666666666668, 0
445, 111400, 28.88, 0
445, 111450, 27.75, 0
446, 111500, 29.5, 8035.947770240002
446, 111550, 0, 0
446, 111600, 0, 0
446, 111650, 26, 0
446, 111700, 26, 0
447, 111750, 0, 7163.227413759998
447, 111800, 0, 0
447, 111850, 0, 0
447, 111900, 0, 0
447, 111950, 0, 0
448, 112000, 0, 5734.91663712
448, 112050, 0, 0
448, 112100, 0, 0
448, 112150, 0, 0
448, 112200, 0, 0
449, 112250, 0, 4499.128
449, 112300, 0, 0
449, 112350, 0, 0
449, 112400, 0, 0
449, 112450, 26.833333333333332, 0
450, 112500, 0, 6198.679393279999
450, 112550, 0, 0
450, 112600, 0, 0
450, 112650, 0, 0
450, 112700, 28.0625, 0
451, 112750, 28.714285714285715, 5427.11197344
451, 112800, 0, 0
451, 112850, 0, 0
451, 112900, 0, 0
451, 112950, 0, 0
452, 113000, 0, 5735.97198432
452, 113050, 0, 0
452, 113100, 0, 0
452, 113150, 26, 0
452, 113200, 0, 0
453, 113250, 0, 7303.675177600005
453, 113300, 0, 0
453, 113350, 0, 0
453, 113400, 27.642857142857142, 0
453, 113450, 29.125, 0
454, 113500, 28.90909090909091, 6941.637743680001
454, 113550, 0, 0
454, 113600, 0, 0
454, 113650, 0, 0
454, 113700, 0, 0
455, 113750, 0, 5713.24
455, 113800, 0, 0
455, 113850, 32.9375, 0
455, 113900, 31.806451612903224, 0
455, 113950, 31.571428571428573, 0
456, 114000, 28.666666666666668, 8179.48339808
456, 114050, 0, 0
456, 114100, 26, 0
456, 114150, 0, 0
456, 114200, 27.666666666666668, 0
457, 114250, 29.583333333333332, 6381.670955199999
457, 114300, 0, 0
457, 114350, 0, 0
457, 114400, 26.333333333333332, 0
457, 114450, 29.928571428571427, 0
458, 114500, 28.5, 6571.491540480002
458, 114550, 0, 0
458, 114600, 26, 0
458, 114650, 27.15, 0
458, 114700, 27, 0
459, 114750, 0, 6191.97930912
459, 114800, 0, 0
459, 114850, 0, 0
459, 114900, 0, 0
459, 114950, 0, 0
460, 115000, 0, 5500.416984960001
460, 115050, 0, 0
460, 115100, 0, 0
460, 115150, 0, 0
460, 115200, 0, 0
461, 115250, 0, 6268.104573760003
461, 115300, 0, 0
461, 115350, 0, 0
461, 115400, 0, 0
461, 115450, 0, 0
462, 115500, 0, 5253.336000000001
462, 115550, 0, 0
462, 115600, 0, 0
462, 115650, 0, 0
462, 115700, 0, 0
463, 115750, 26, 4699.16326432
463, 115800, 0, 0
463, 115850, 0, 0
463, 115900, 0, 0
463, 115950, 0, 0
464, 116000, 26, 6059.55218368
464, 116050, 0, 0
464, 116100, 0, 0
464, 116150, 0, 0
464, 116200, 0, 0
465, 116250, 0, 5211.735999999999
465, 116300, 0, 0
465, 116350, 0, 0
465, 116400, 0, 0
465, 116450, 26, 0
466, 116500, 0, 5762.053277119999
466, 116550, 27.75, 0
466, 116600, 29.82758620689655, 0
466, 116650, 33.8235294117647, 0
466, 116700, 33.03333333333333, 0
467, 116750, 28.454545454545453, 8373.572208320002
467, 116800, 0, 0
467, 116850, 0, 0
467, 116900, 27.11111111111111, 0
467, 116950, 26.857142857142858, 0
468, 117000, 27, 5670.329938240004
468, 117050, 0, 0
468, 117100, 31.307692307692307, 0
468, 117150, 31.68, 0
468, 117200, 31.17241379310345, 0
469, 117250, 29, 8027.532705599998
469, 117300, 0, 0
469, 117350, 0, 0
469, 117400, 0, 0
469, 117450, 30.962962962962962, 0
470, 117500, 28, 6356.58219744
470, 117550, 0, 0
470, 117600, 0, 0
470, 117650, 26.833333333333332, 0
470, 117700, 31.5, 0
471, 117750, 29.25, 6299.843480639999
471, 117800, 0, 0
471, 117850, 0, 0
471, 117900, 27.923076923076923, 0
471, 117950, 33.705882352941174, 0
472, 118000, 33.416666666666664, 7163.410843840002
472, 118050, 0, 0
472, 118100, 0, 0
472, 118150, 0, 0
472, 118200, 0, 0
473, 118250, 0, 4849.40197152
473, 118300, 0, 0
473, 118350, 0, 0
473, 118400, 0, 0
473, 118450, 27, 0
474, 118500, 0, 6771.509951360003
474, 118550, 0, 0
474, 118600, 0, 0
474, 118650, 0, 0
474, 118700, 27, 0
475, 118750, 0, 5102.794600640003
475, 118800, 26.5, 0
475, 118850, 29.892857142857142, 0
475, 118900, 28.90909090909091, 0
475, 118950, 40.21951219512195, 0
476, 119000, 33.64705882352941, 9358.96554592
476, 119050, 27.5, 0
476, 119100, 28.5, 0
476, 119150, 30, 0
476, 119200, 28.208333333333332, 0
477, 119250, 28.8, 8007.314725440001
477, 119300, 31.741935483870968, 0
477, 119350, 36.25, 0
477, 119400, 34.18181818181818, 0
477, 119450, 36.86486486486486, 0
478, 119500, 32.4, 10480.6393168
478, 119550, 0, 0
478, 119600, 0, 0
478, 119650, 0, 0
478, 119700, 0, 0
479, 119750, 0, 5039.0814819199995
479, 119800, 0, 0
479, 119850, 0, 0
479, 119900, 29.65, 0
479, 119950, 34.42424242424242, 0
480, 120000, 29.333333333333332, 6812.7625593600005
480, 120050, 0, 0
480, 120100, 0, 0
480, 120150, 0, 0
480, 120200, 28, 0
481, 120250, 0, 5171.592063040001
481, 120300, 28.428571428571427, 0
481, 120350, 34.09090909090909, 0
481, 120400, 33.029411764705884, 0
481, 120450, 33.59375, 0
482, 120500, 30.25, 9497.802113280002
482, 120550, 0, 0
482, 120600, 0, 0
482, 120650, 0, 0
482, 120700, 0, 0
483, 120750, 0, 5877.92127584
483, 120800, 0, 0
483, 120850, 27, 0
483, 120900, 26.666666666666668, 0
483, 120950, 26.88888888888889, 0
484, 121000, 0, 6714.762407680002
484, 121050, 0, 0
484, 121100, 0, 0
484, 121150, 0, 0
484, 121200, 0, 0
485, 121250, 27.333333333333332, 4491.03759136
485, 121300, 0, 0
485, 121350, 0, 0
485, 121400, 0, 0
485, 121450, 33.166666666666664, 0
486, 121500, 30.428571428571427, 6623.1490723199995
486, 121550, 0, 0
486, 121600, 27.77777777777778, 0
486, 121650, 27.88888888888889, 0
486, 121700, 28.266666666666666, 0
487, 121750, 26.75, 7528.00398816
487, 121800, 27.53846153846154, 0
487, 121850, 0, 0
487, 121900, 26, 0
487, 121950, 26, 0
488, 122000, 0, 7301.207193600002
488, 122050, 26, 0
488, 122100, 26, 0
488, 122150, 26, 0
488, 122200, 0, 0
489, 122250, 0, 6205.390190720002
489, 122300, 0, 0
489, 122350, 0, 0
489, 122400, 0, 0
489, 122450, 0, 0
490, 122500, 26.333333333333332, 6372.51230656
490, 122550, 26, 0
490, 122600, 0, 0
490, 122650, 26, 0
490, 122700, 26, 0
491, 122750, 26, 6063.288456640002
491, 122800, 0, 0
491, 122850, 0, 0
491, 122900, 26.285714285714285, 0
491, 122950, 30.043478260869566, 0
492, 123000, 28.75, 6643.773120639999
492, 123050, 0, 0
492, 123100, 28, 0
492, 123150, 31.678571428571427, 0
492, 123200, 34.93939393939394, 0
493, 123250, 31.75, 8136.3703708799985
493, 123300, 0, 0
493, 123350, 0, 0
493, 123400, 27.454545454545453, 0
493, 123450, 28.40909090909091, 0
494, 123500, 26.5, 6732.946053440002
494, 123550, 26, 0
494, 123600, 28.1, 0
494, 123650, 28.666666666666668, 0
494, 123700, 30.04, 0
495, 123750, 27.5, 7194.976523199997
495, 123800, 0, 0
495, 123850, 0, 0
495, 123900, 0, 0
495, 123950, 26, 0
496, 124000, 29.77777777777778, 6597.376750400003
496, 124050, 0, 0
496, 124100, 26.5, 0
496, 124150, 27, 0
496, 124200, 32.42857142857143, 0
497, 124250, 30.454545454545453, 7462.96287456
497, 124300, 0, 0
497, 124350, 0, 0
497, 124400, 0, 0
497, 124450, 26.666666666666668, 0
498, 124500, 29.125, 6302.446036800003
498, 124550, 0, 0
498, 124600, 0, 0
498, 124650, 30.48, 0
498, 124700, 34, 0
499, 124750, 29.88888888888889, 7429.401576640001
499, 124800, 0, 0
499, 124850, 0, 0
499, 124900, 0, 0
499, 124950, 0, 0
500, 125000, 0, 4990.7440000000015
