--------------------------------------------------------------------------------
TIMESTAMP: 05:15:17.499 PM 16-Jun-2022
PARAMS:
  population 0
  wiggle-angle 45
  look-ahead 1
  sniff-threshold 0.9
  sniff-angle 45
  chemical-drop 3
  diffuse-share 1
  evaporation-rate 0.95
  cluster-threshold 25
  cluster-radius 10
  learning-turtles 50
  ticks-per-episode 250
  episodes 500
  learning-rate 0.9
  discount-factor 0.1
  reward 100
  penalty -1
  e-greedy 0.5 0.9
ACTION SPACE: move-toward-chemical random-walk drop-chemical
OBSERVATION SPACE: chemical-here in-cluster
REWARD: rewardFunc8
--------------------------------------------------------------------------------
Episode, Tick, Avg custer size X tick, Avg reward X episode, Actions distribution
0, 50, 0, 0
0, 100, 0, 0
0, 150, 0, 0
0, 200, 0, 0
1, 250, 0, 3368.6639999999998
1, 300, 0, 0
1, 350, 0, 0
1, 400, 0, 0
1, 450, 0, 0
2, 500, 0, 3624.247999999999
2, 550, 0, 0
2, 600, 0, 0
2, 650, 0, 0
2, 700, 0, 0
3, 750, 0, 3460.3439999999996
3, 800, 0, 0
3, 850, 0, 0
3, 900, 0, 0
3, 950, 0, 0
4, 1000, 0, 3756.8914582399993
4, 1050, 0, 0
4, 1100, 0, 0
4, 1150, 0, 0
4, 1200, 0, 0
5, 1250, 0, 3666.4880000000003
5, 1300, 0, 0
5, 1350, 0, 0
5, 1400, 0, 0
5, 1450, 0, 0
6, 1500, 0, 4046.6479999999992
6, 1550, 0, 0
6, 1600, 0, 0
6, 1650, 0, 0
6, 1700, 0, 0
7, 1750, 0, 3379.6400000000012
7, 1800, 0, 0
7, 1850, 0, 0
7, 1900, 0, 0
7, 1950, 0, 0
8, 2000, 0, 3577.1760000000013
8, 2050, 0, 0
8, 2100, 0, 0
8, 2150, 0, 0
8, 2200, 0, 0
9, 2250, 0, 4310.391602560002
9, 2300, 0, 0
9, 2350, 0, 0
9, 2400, 0, 0
9, 2450, 0, 0
10, 2500, 0, 3598.36
10, 2550, 0, 0
10, 2600, 0, 0
10, 2650, 0, 0
10, 2700, 0, 0
11, 2750, 0, 3495.415999999998
11, 2800, 0, 0
11, 2850, 0, 0
11, 2900, 0, 0
11, 2950, 0, 0
12, 3000, 0, 4203.397639040002
12, 3050, 0, 0
12, 3100, 0, 0
12, 3150, 0, 0
12, 3200, 0, 0
13, 3250, 0, 3770.0719999999997
13, 3300, 0, 0
13, 3350, 0, 0
13, 3400, 0, 0
13, 3450, 0, 0
14, 3500, 0, 3932.7600000000007
14, 3550, 0, 0
14, 3600, 0, 0
14, 3650, 0, 0
14, 3700, 0, 0
15, 3750, 0, 3677.1440000000002
15, 3800, 0, 0
15, 3850, 0, 0
15, 3900, 0, 0
15, 3950, 0, 0
16, 4000, 0, 3327.0959999999995
16, 4050, 0, 0
16, 4100, 0, 0
16, 4150, 0, 0
16, 4200, 0, 0
17, 4250, 0, 3550.6480000000006
17, 4300, 0, 0
17, 4350, 0, 0
17, 4400, 0, 0
17, 4450, 0, 0
18, 4500, 0, 3484.408
18, 4550, 0, 0
18, 4600, 0, 0
18, 4650, 0, 0
18, 4700, 0, 0
19, 4750, 0, 3452.9840000000004
19, 4800, 0, 0
19, 4850, 0, 0
19, 4900, 0, 0
19, 4950, 0, 0
20, 5000, 0, 3094.456
20, 5050, 0, 0
20, 5100, 0, 0
20, 5150, 0, 0
20, 5200, 0, 0
21, 5250, 0, 3385.111999999999
21, 5300, 0, 0
21, 5350, 0, 0
21, 5400, 0, 0
21, 5450, 0, 0
22, 5500, 0, 3588.4400000000005
22, 5550, 0, 0
22, 5600, 0, 0
22, 5650, 0, 0
22, 5700, 0, 0
23, 5750, 0, 3197.431999999999
23, 5800, 0, 0
23, 5850, 0, 0
23, 5900, 0, 0
23, 5950, 0, 0
24, 6000, 0, 3302.776
24, 6050, 0, 0
24, 6100, 0, 0
24, 6150, 0, 0
24, 6200, 0, 0
25, 6250, 0, 3216.0879999999997
25, 6300, 0, 0
25, 6350, 0, 0
25, 6400, 0, 0
25, 6450, 0, 0
26, 6500, 0, 3258.4240000000004
26, 6550, 0, 0
26, 6600, 0, 0
26, 6650, 0, 0
26, 6700, 0, 0
27, 6750, 0, 3352.6960000000004
27, 6800, 0, 0
27, 6850, 0, 0
27, 6900, 0, 0
27, 6950, 0, 0
28, 7000, 0, 3328.5040000000004
28, 7050, 0, 0
28, 7100, 0, 0
28, 7150, 0, 0
28, 7200, 0, 0
29, 7250, 0, 3562.5199999999995
29, 7300, 0, 0
29, 7350, 0, 0
29, 7400, 0, 0
29, 7450, 0, 0
30, 7500, 0, 3941.3812998400012
30, 7550, 0, 0
30, 7600, 0, 0
30, 7650, 0, 0
30, 7700, 0, 0
31, 7750, 0, 3971.3520000000003
31, 7800, 0, 0
31, 7850, 0, 0
31, 7900, 0, 0
31, 7950, 0, 0
32, 8000, 0, 3711.768
32, 8050, 0, 0
32, 8100, 0, 0
32, 8150, 0, 0
32, 8200, 0, 0
33, 8250, 0, 3454.1039999999985
33, 8300, 0, 0
33, 8350, 0, 0
33, 8400, 0, 0
33, 8450, 0, 0
34, 8500, 0, 3595.5760000000005
34, 8550, 0, 0
34, 8600, 0, 0
34, 8650, 0, 0
34, 8700, 0, 0
35, 8750, 0, 3339.6080000000006
35, 8800, 0, 0
35, 8850, 0, 0
35, 8900, 0, 0
35, 8950, 0, 0
36, 9000, 0, 3226.711999999999
36, 9050, 0, 0
36, 9100, 0, 0
36, 9150, 0, 0
36, 9200, 0, 0
37, 9250, 0, 3633.8479999999995
37, 9300, 0, 0
37, 9350, 0, 0
37, 9400, 0, 0
37, 9450, 0, 0
38, 9500, 0, 3868.376
38, 9550, 0, 0
38, 9600, 26.5, 0
38, 9650, 0, 0
38, 9700, 26, 0
39, 9750, 27, 4964.810438719999
39, 9800, 0, 0
39, 9850, 0, 0
39, 9900, 0, 0
39, 9950, 0, 0
40, 10000, 0, 3429.1119999999996
40, 10050, 0, 0
40, 10100, 0, 0
40, 10150, 0, 0
40, 10200, 0, 0
41, 10250, 0, 3193.879999999999
41, 10300, 0, 0
41, 10350, 0, 0
41, 10400, 0, 0
41, 10450, 0, 0
42, 10500, 0, 3622.5200000000004
42, 10550, 0, 0
42, 10600, 0, 0
42, 10650, 0, 0
42, 10700, 0, 0
43, 10750, 0, 3280.9840000000004
43, 10800, 0, 0
43, 10850, 0, 0
43, 10900, 0, 0
43, 10950, 0, 0
44, 11000, 0, 3463.9920000000006
44, 11050, 0, 0
44, 11100, 0, 0
44, 11150, 0, 0
44, 11200, 0, 0
45, 11250, 0, 3078.968
45, 11300, 0, 0
45, 11350, 0, 0
45, 11400, 0, 0
45, 11450, 0, 0
46, 11500, 0, 4005.4960000000005
46, 11550, 0, 0
46, 11600, 0, 0
46, 11650, 0, 0
46, 11700, 0, 0
47, 11750, 0, 3529.783999999999
47, 11800, 0, 0
47, 11850, 0, 0
47, 11900, 0, 0
47, 11950, 0, 0
48, 12000, 0, 3532.6000000000013
48, 12050, 0, 0
48, 12100, 0, 0
48, 12150, 0, 0
48, 12200, 0, 0
49, 12250, 0, 3926.8400000000006
49, 12300, 0, 0
49, 12350, 0, 0
49, 12400, 0, 0
49, 12450, 0, 0
50, 12500, 0, 4020.7280000000005
50, 12550, 0, 0
50, 12600, 0, 0
50, 12650, 0, 0
50, 12700, 0, 0
51, 12750, 0, 4288.314617920001
51, 12800, 0, 0
51, 12850, 0, 0
51, 12900, 0, 0
51, 12950, 0, 0
52, 13000, 0, 3220.056000000001
52, 13050, 0, 0
52, 13100, 0, 0
52, 13150, 0, 0
52, 13200, 0, 0
53, 13250, 0, 4002.1040000000007
53, 13300, 0, 0
53, 13350, 0, 0
53, 13400, 0, 0
53, 13450, 0, 0
54, 13500, 0, 3412.1839999999993
54, 13550, 0, 0
54, 13600, 0, 0
54, 13650, 0, 0
54, 13700, 0, 0
55, 13750, 0, 3700.8880000000004
55, 13800, 0, 0
55, 13850, 0, 0
55, 13900, 0, 0
55, 13950, 0, 0
56, 14000, 0, 4151.448
56, 14050, 0, 0
56, 14100, 0, 0
56, 14150, 0, 0
56, 14200, 0, 0
57, 14250, 0, 4195.704
57, 14300, 0, 0
57, 14350, 0, 0
57, 14400, 0, 0
57, 14450, 0, 0
58, 14500, 0, 3461.5919999999987
58, 14550, 0, 0
58, 14600, 0, 0
58, 14650, 0, 0
58, 14700, 0, 0
59, 14750, 0, 3616.4080000000004
59, 14800, 0, 0
59, 14850, 0, 0
59, 14900, 0, 0
59, 14950, 0, 0
60, 15000, 0, 3209.431999999999
60, 15050, 0, 0
60, 15100, 0, 0
60, 15150, 0, 0
60, 15200, 0, 0
61, 15250, 0, 3035.0640000000008
61, 15300, 0, 0
61, 15350, 0, 0
61, 15400, 0, 0
61, 15450, 0, 0
62, 15500, 0, 3240.696000000001
62, 15550, 0, 0
62, 15600, 0, 0
62, 15650, 0, 0
62, 15700, 0, 0
63, 15750, 0, 3700.344
63, 15800, 0, 0
63, 15850, 0, 0
63, 15900, 0, 0
63, 15950, 0, 0
64, 16000, 0, 3685.015999999999
64, 16050, 0, 0
64, 16100, 0, 0
64, 16150, 0, 0
64, 16200, 0, 0
65, 16250, 0, 2737.8160000000003
65, 16300, 0, 0
65, 16350, 0, 0
65, 16400, 0, 0
65, 16450, 0, 0
66, 16500, 0, 3520.6639999999998
66, 16550, 0, 0
66, 16600, 0, 0
66, 16650, 0, 0
66, 16700, 0, 0
67, 16750, 0, 3313.527999999999
67, 16800, 0, 0
67, 16850, 0, 0
67, 16900, 0, 0
67, 16950, 0, 0
68, 17000, 0, 3666.904000000001
68, 17050, 0, 0
68, 17100, 0, 0
68, 17150, 0, 0
68, 17200, 0, 0
69, 17250, 0, 3486.52
69, 17300, 0, 0
69, 17350, 0, 0
69, 17400, 0, 0
69, 17450, 0, 0
70, 17500, 0, 4362.648
70, 17550, 0, 0
70, 17600, 0, 0
70, 17650, 0, 0
70, 17700, 0, 0
71, 17750, 0, 4071.735999999999
71, 17800, 0, 0
71, 17850, 0, 0
71, 17900, 0, 0
71, 17950, 0, 0
72, 18000, 0, 3014.616000000001
72, 18050, 0, 0
72, 18100, 0, 0
72, 18150, 0, 0
72, 18200, 0, 0
73, 18250, 0, 3836.984000000001
73, 18300, 0, 0
73, 18350, 0, 0
73, 18400, 0, 0
73, 18450, 0, 0
74, 18500, 0, 3333.655999999999
74, 18550, 0, 0
74, 18600, 0, 0
74, 18650, 0, 0
74, 18700, 0, 0
75, 18750, 0, 3086.552
75, 18800, 0, 0
75, 18850, 0, 0
75, 18900, 0, 0
75, 18950, 0, 0
76, 19000, 0, 3368.6320000000005
76, 19050, 0, 0
76, 19100, 0, 0
76, 19150, 0, 0
76, 19200, 0, 0
77, 19250, 0, 3042.744
77, 19300, 0, 0
77, 19350, 0, 0
77, 19400, 0, 0
77, 19450, 0, 0
78, 19500, 0, 3444.92
78, 19550, 0, 0
78, 19600, 0, 0
78, 19650, 0, 0
78, 19700, 0, 0
79, 19750, 0, 3169.6240000000003
79, 19800, 0, 0
79, 19850, 0, 0
79, 19900, 0, 0
79, 19950, 0, 0
80, 20000, 0, 2821.1760000000004
80, 20050, 0, 0
80, 20100, 0, 0
80, 20150, 0, 0
80, 20200, 0, 0
81, 20250, 0, 3382.712
81, 20300, 0, 0
81, 20350, 0, 0
81, 20400, 0, 0
81, 20450, 0, 0
82, 20500, 0, 2779.416000000001
82, 20550, 0, 0
82, 20600, 0, 0
82, 20650, 0, 0
82, 20700, 0, 0
83, 20750, 0, 3610.840000000001
83, 20800, 0, 0
83, 20850, 0, 0
83, 20900, 0, 0
83, 20950, 0, 0
84, 21000, 0, 3477.3999999999987
84, 21050, 0, 0
84, 21100, 0, 0
84, 21150, 0, 0
84, 21200, 0, 0
85, 21250, 0, 3424.9199999999987
85, 21300, 0, 0
85, 21350, 0, 0
85, 21400, 0, 0
85, 21450, 0, 0
86, 21500, 0, 3052.7919999999995
86, 21550, 0, 0
86, 21600, 0, 0
86, 21650, 0, 0
86, 21700, 0, 0
87, 21750, 0, 3246.712000000001
87, 21800, 0, 0
87, 21850, 0, 0
87, 21900, 0, 0
87, 21950, 0, 0
88, 22000, 0, 2962.9359999999997
88, 22050, 0, 0
88, 22100, 0, 0
88, 22150, 0, 0
88, 22200, 0, 0
89, 22250, 0, 2623.864
89, 22300, 0, 0
89, 22350, 0, 0
89, 22400, 0, 0
89, 22450, 0, 0
90, 22500, 0, 2518.9999999999995
90, 22550, 0, 0
90, 22600, 0, 0
90, 22650, 0, 0
90, 22700, 0, 0
91, 22750, 0, 2841.3999999999996
91, 22800, 0, 0
91, 22850, 0, 0
91, 22900, 0, 0
91, 22950, 0, 0
92, 23000, 0, 3322.968
92, 23050, 0, 0
92, 23100, 0, 0
92, 23150, 0, 0
92, 23200, 0, 0
93, 23250, 0, 3292.6000000000004
93, 23300, 0, 0
93, 23350, 0, 0
93, 23400, 0, 0
93, 23450, 0, 0
94, 23500, 0, 2849.4319999999993
94, 23550, 0, 0
94, 23600, 0, 0
94, 23650, 0, 0
94, 23700, 0, 0
95, 23750, 0, 3550.3919999999994
95, 23800, 0, 0
95, 23850, 0, 0
95, 23900, 0, 0
95, 23950, 0, 0
96, 24000, 0, 2862.456
96, 24050, 0, 0
96, 24100, 0, 0
96, 24150, 0, 0
96, 24200, 0, 0
97, 24250, 0, 3360.5680000000007
97, 24300, 0, 0
97, 24350, 0, 0
97, 24400, 0, 0
97, 24450, 0, 0
98, 24500, 0, 3033.8479999999995
98, 24550, 0, 0
98, 24600, 0, 0
98, 24650, 0, 0
98, 24700, 0, 0
99, 24750, 0, 2514.7439999999992
99, 24800, 0, 0
99, 24850, 0, 0
99, 24900, 0, 0
99, 24950, 0, 0
100, 25000, 0, 2781.0480000000016
100, 25050, 0, 0
100, 25100, 0, 0
100, 25150, 0, 0
100, 25200, 0, 0
101, 25250, 0, 3087.992000000001
101, 25300, 0, 0
101, 25350, 0, 0
101, 25400, 0, 0
101, 25450, 0, 0
102, 25500, 0, 4821.1759999999995
102, 25550, 0, 0
102, 25600, 0, 0
102, 25650, 0, 0
102, 25700, 0, 0
103, 25750, 0, 2964.6320000000005
103, 25800, 0, 0
103, 25850, 0, 0
103, 25900, 0, 0
103, 25950, 0, 0
104, 26000, 0, 2758.52
104, 26050, 0, 0
104, 26100, 0, 0
104, 26150, 0, 0
104, 26200, 0, 0
105, 26250, 0, 3306.7760000000003
105, 26300, 0, 0
105, 26350, 0, 0
105, 26400, 0, 0
105, 26450, 0, 0
106, 26500, 0, 3771.1280000000006
106, 26550, 0, 0
106, 26600, 0, 0
106, 26650, 0, 0
106, 26700, 0, 0
107, 26750, 0, 2888.408
107, 26800, 0, 0
107, 26850, 0, 0
107, 26900, 0, 0
107, 26950, 0, 0
108, 27000, 0, 2667.832000000001
108, 27050, 0, 0
108, 27100, 0, 0
108, 27150, 0, 0
108, 27200, 0, 0
109, 27250, 0, 4289.5599999999995
109, 27300, 0, 0
109, 27350, 0, 0
109, 27400, 0, 0
109, 27450, 0, 0
110, 27500, 0, 2939.6079999999997
110, 27550, 0, 0
110, 27600, 0, 0
110, 27650, 0, 0
110, 27700, 0, 0
111, 27750, 0, 2780.856000000001
111, 27800, 0, 0
111, 27850, 0, 0
111, 27900, 0, 0
111, 27950, 0, 0
112, 28000, 0, 3544.5360000000005
112, 28050, 0, 0
112, 28100, 0, 0
112, 28150, 0, 0
112, 28200, 0, 0
113, 28250, 0, 2805.4640000000004
113, 28300, 0, 0
113, 28350, 0, 0
113, 28400, 0, 0
113, 28450, 0, 0
114, 28500, 0, 3609.9119999999994
114, 28550, 0, 0
114, 28600, 0, 0
114, 28650, 0, 0
114, 28700, 0, 0
115, 28750, 0, 3501.4639999999995
115, 28800, 0, 0
115, 28850, 0, 0
115, 28900, 0, 0
115, 28950, 0, 0
116, 29000, 0, 3284.8239999999996
116, 29050, 0, 0
116, 29100, 0, 0
116, 29150, 0, 0
116, 29200, 0, 0
117, 29250, 0, 3328.376
117, 29300, 0, 0
117, 29350, 0, 0
117, 29400, 0, 0
117, 29450, 0, 0
118, 29500, 0, 3341.528
118, 29550, 0, 0
118, 29600, 0, 0
118, 29650, 0, 0
118, 29700, 0, 0
119, 29750, 0, 3042.8720000000008
119, 29800, 0, 0
119, 29850, 0, 0
119, 29900, 0, 0
119, 29950, 0, 0
120, 30000, 0, 3744.5679999999993
120, 30050, 0, 0
120, 30100, 0, 0
120, 30150, 0, 0
120, 30200, 0, 0
121, 30250, 0, 3319.3839999999996
121, 30300, 0, 0
121, 30350, 0, 0
121, 30400, 0, 0
121, 30450, 0, 0
122, 30500, 0, 3042.0399999999995
122, 30550, 0, 0
122, 30600, 0, 0
122, 30650, 0, 0
122, 30700, 0, 0
123, 30750, 0, 2996.6000000000004
123, 30800, 0, 0
123, 30850, 0, 0
123, 30900, 0, 0
123, 30950, 0, 0
124, 31000, 0, 3112.76
124, 31050, 0, 0
124, 31100, 0, 0
124, 31150, 0, 0
124, 31200, 0, 0
125, 31250, 0, 3596.823999999999
125, 31300, 0, 0
125, 31350, 0, 0
125, 31400, 0, 0
125, 31450, 0, 0
126, 31500, 0, 2990.8399999999992
126, 31550, 0, 0
126, 31600, 0, 0
126, 31650, 0, 0
126, 31700, 0, 0
127, 31750, 0, 3383.1919999999996
127, 31800, 0, 0
127, 31850, 0, 0
127, 31900, 0, 0
127, 31950, 0, 0
128, 32000, 0, 3136.184
128, 32050, 0, 0
128, 32100, 0, 0
128, 32150, 0, 0
128, 32200, 0, 0
129, 32250, 0, 3792.792
129, 32300, 0, 0
129, 32350, 0, 0
129, 32400, 0, 0
129, 32450, 0, 0
130, 32500, 0, 3757.4320000000002
130, 32550, 0, 0
130, 32600, 0, 0
130, 32650, 0, 0
130, 32700, 0, 0
131, 32750, 0, 3468.6639999999998
131, 32800, 0, 0
131, 32850, 0, 0
131, 32900, 0, 0
131, 32950, 0, 0
132, 33000, 0, 3044.0559999999996
132, 33050, 0, 0
132, 33100, 0, 0
132, 33150, 0, 0
132, 33200, 0, 0
133, 33250, 0, 3653.7227472
133, 33300, 0, 0
133, 33350, 0, 0
133, 33400, 0, 0
133, 33450, 0, 0
134, 33500, 0, 2523.576
134, 33550, 0, 0
134, 33600, 0, 0
134, 33650, 0, 0
134, 33700, 0, 0
135, 33750, 0, 3048.728
135, 33800, 0, 0
135, 33850, 0, 0
135, 33900, 0, 0
135, 33950, 0, 0
136, 34000, 0, 3489.752000000001
136, 34050, 0, 0
136, 34100, 0, 0
136, 34150, 0, 0
136, 34200, 0, 0
137, 34250, 0, 3513.528
137, 34300, 0, 0
137, 34350, 0, 0
137, 34400, 0, 0
137, 34450, 0, 0
138, 34500, 0, 4068.856
138, 34550, 0, 0
138, 34600, 0, 0
138, 34650, 0, 0
138, 34700, 0, 0
139, 34750, 0, 3169.2719999999995
139, 34800, 0, 0
139, 34850, 0, 0
139, 34900, 0, 0
139, 34950, 0, 0
140, 35000, 0, 3349.4320000000002
140, 35050, 0, 0
140, 35100, 0, 0
140, 35150, 0, 0
140, 35200, 0, 0
141, 35250, 0, 2925.848
141, 35300, 0, 0
141, 35350, 0, 0
141, 35400, 0, 0
141, 35450, 0, 0
142, 35500, 0, 3219.1600000000017
142, 35550, 0, 0
142, 35600, 0, 0
142, 35650, 0, 0
142, 35700, 0, 0
143, 35750, 0, 3355.7039999999997
143, 35800, 0, 0
143, 35850, 0, 0
143, 35900, 0, 0
143, 35950, 0, 0
144, 36000, 0, 3881.272000000001
144, 36050, 0, 0
144, 36100, 0, 0
144, 36150, 0, 0
144, 36200, 0, 0
145, 36250, 0, 3798.3599999999988
145, 36300, 0, 0
145, 36350, 0, 0
145, 36400, 0, 0
145, 36450, 0, 0
146, 36500, 0, 2850.36
146, 36550, 0, 0
146, 36600, 0, 0
146, 36650, 0, 0
146, 36700, 0, 0
147, 36750, 0, 2663.64
147, 36800, 0, 0
147, 36850, 0, 0
147, 36900, 0, 0
147, 36950, 0, 0
148, 37000, 0, 2670.68
148, 37050, 0, 0
148, 37100, 0, 0
148, 37150, 0, 0
148, 37200, 0, 0
149, 37250, 0, 3444.247999999999
149, 37300, 0, 0
149, 37350, 0, 0
149, 37400, 0, 0
149, 37450, 0, 0
150, 37500, 0, 3303.5759999999996
150, 37550, 0, 0
150, 37600, 0, 0
150, 37650, 0, 0
150, 37700, 0, 0
151, 37750, 0, 3572.119999999999
151, 37800, 0, 0
151, 37850, 0, 0
151, 37900, 0, 0
151, 37950, 0, 0
152, 38000, 0, 3061.624
152, 38050, 0, 0
152, 38100, 0, 0
152, 38150, 0, 0
152, 38200, 0, 0
153, 38250, 0, 3475.543999999999
153, 38300, 0, 0
153, 38350, 0, 0
153, 38400, 0, 0
153, 38450, 0, 0
154, 38500, 0, 3211.8639999999996
154, 38550, 0, 0
154, 38600, 0, 0
154, 38650, 0, 0
154, 38700, 0, 0
155, 38750, 0, 3103.543999999999
155, 38800, 0, 0
155, 38850, 0, 0
155, 38900, 0, 0
155, 38950, 0, 0
156, 39000, 0, 3707.9279999999994
156, 39050, 0, 0
156, 39100, 0, 0
156, 39150, 0, 0
156, 39200, 0, 0
157, 39250, 0, 3192.759999999999
157, 39300, 0, 0
157, 39350, 0, 0
157, 39400, 0, 0
157, 39450, 0, 0
158, 39500, 0, 3098.1680000000006
158, 39550, 0, 0
158, 39600, 0, 0
158, 39650, 0, 0
158, 39700, 0, 0
159, 39750, 0, 3596.856000000001
159, 39800, 0, 0
159, 39850, 0, 0
159, 39900, 0, 0
159, 39950, 0, 0
160, 40000, 0, 3201.368
160, 40050, 0, 0
160, 40100, 0, 0
160, 40150, 0, 0
160, 40200, 0, 0
161, 40250, 0, 3547.4799999999996
161, 40300, 0, 0
161, 40350, 0, 0
161, 40400, 0, 0
161, 40450, 0, 0
162, 40500, 0, 2532.6320000000005
162, 40550, 0, 0
162, 40600, 0, 0
162, 40650, 0, 0
162, 40700, 0, 0
163, 40750, 0, 2912.2160000000003
163, 40800, 0, 0
163, 40850, 0, 0
163, 40900, 0, 0
163, 40950, 0, 0
164, 41000, 0, 3271.992
164, 41050, 0, 0
164, 41100, 0, 0
164, 41150, 0, 0
164, 41200, 0, 0
165, 41250, 0, 3817.4959999999987
165, 41300, 0, 0
165, 41350, 0, 0
165, 41400, 0, 0
165, 41450, 0, 0
166, 41500, 0, 2954.231999999999
166, 41550, 0, 0
166, 41600, 0, 0
166, 41650, 0, 0
166, 41700, 0, 0
167, 41750, 0, 3439.0959999999995
167, 41800, 0, 0
167, 41850, 0, 0
167, 41900, 0, 0
167, 41950, 0, 0
168, 42000, 0, 3531.1599999999994
168, 42050, 0, 0
168, 42100, 0, 0
168, 42150, 0, 0
168, 42200, 0, 0
169, 42250, 0, 3417.3679999999986
169, 42300, 0, 0
169, 42350, 0, 0
169, 42400, 0, 0
169, 42450, 0, 0
170, 42500, 0, 3071.8320000000003
170, 42550, 0, 0
170, 42600, 0, 0
170, 42650, 0, 0
170, 42700, 0, 0
171, 42750, 0, 3907.032000000002
171, 42800, 0, 0
171, 42850, 0, 0
171, 42900, 0, 0
171, 42950, 0, 0
172, 43000, 0, 3408.9840000000004
172, 43050, 0, 0
172, 43100, 0, 0
172, 43150, 0, 0
172, 43200, 0, 0
173, 43250, 0, 3498.232000000001
173, 43300, 0, 0
173, 43350, 0, 0
173, 43400, 0, 0
173, 43450, 0, 0
174, 43500, 0, 3534.5519999999988
174, 43550, 0, 0
174, 43600, 0, 0
174, 43650, 0, 0
174, 43700, 0, 0
175, 43750, 0, 3587.0320000000006
175, 43800, 0, 0
175, 43850, 0, 0
175, 43900, 0, 0
175, 43950, 0, 0
176, 44000, 0, 3775.799999999999
176, 44050, 0, 0
176, 44100, 0, 0
176, 44150, 0, 0
176, 44200, 0, 0
177, 44250, 0, 3222.008
177, 44300, 0, 0
177, 44350, 0, 0
177, 44400, 0, 0
177, 44450, 0, 0
178, 44500, 0, 2741.528
178, 44550, 0, 0
178, 44600, 0, 0
178, 44650, 0, 0
178, 44700, 0, 0
179, 44750, 0, 3319.6079999999997
179, 44800, 0, 0
179, 44850, 0, 0
179, 44900, 0, 0
179, 44950, 0, 0
180, 45000, 0, 3409.5599999999995
180, 45050, 0, 0
180, 45100, 0, 0
180, 45150, 0, 0
180, 45200, 0, 0
181, 45250, 0, 3324.0879999999993
181, 45300, 0, 0
181, 45350, 0, 0
181, 45400, 0, 0
181, 45450, 0, 0
182, 45500, 0, 3850.616
182, 45550, 0, 0
182, 45600, 0, 0
182, 45650, 0, 0
182, 45700, 0, 0
183, 45750, 0, 3784.1519999999996
183, 45800, 0, 0
183, 45850, 0, 0
183, 45900, 0, 0
183, 45950, 0, 0
184, 46000, 0, 3480.2480000000005
184, 46050, 0, 0
184, 46100, 0, 0
184, 46150, 0, 0
184, 46200, 0, 0
185, 46250, 0, 3637.3679999999995
185, 46300, 0, 0
185, 46350, 0, 0
185, 46400, 0, 0
185, 46450, 0, 0
186, 46500, 0, 3199.032
186, 46550, 0, 0
186, 46600, 0, 0
186, 46650, 0, 0
186, 46700, 0, 0
187, 46750, 0, 3405.784000000001
187, 46800, 0, 0
187, 46850, 0, 0
187, 46900, 0, 0
187, 46950, 0, 0
188, 47000, 0, 3589.592
188, 47050, 0, 0
188, 47100, 0, 0
188, 47150, 0, 0
188, 47200, 0, 0
189, 47250, 0, 3427.864
189, 47300, 0, 0
189, 47350, 0, 0
189, 47400, 0, 0
189, 47450, 0, 0
190, 47500, 0, 3506.2960000000003
190, 47550, 0, 0
190, 47600, 0, 0
190, 47650, 0, 0
190, 47700, 0, 0
191, 47750, 0, 2912.695999999999
191, 47800, 0, 0
191, 47850, 0, 0
191, 47900, 0, 0
191, 47950, 0, 0
192, 48000, 0, 4565.975999999999
192, 48050, 0, 0
192, 48100, 0, 0
192, 48150, 0, 0
192, 48200, 0, 0
193, 48250, 0, 3308.888000000001
193, 48300, 0, 0
193, 48350, 0, 0
193, 48400, 0, 0
193, 48450, 0, 0
194, 48500, 0, 3318.2
194, 48550, 0, 0
194, 48600, 0, 0
194, 48650, 0, 0
194, 48700, 0, 0
195, 48750, 0, 3107.768
195, 48800, 0, 0
195, 48850, 0, 0
195, 48900, 0, 0
195, 48950, 0, 0
196, 49000, 0, 3809.591999999998
196, 49050, 0, 0
196, 49100, 0, 0
196, 49150, 0, 0
196, 49200, 0, 0
197, 49250, 0, 3254.7439999999997
197, 49300, 0, 0
197, 49350, 0, 0
197, 49400, 0, 0
197, 49450, 0, 0
198, 49500, 0, 4037.336000000002
198, 49550, 0, 0
198, 49600, 0, 0
198, 49650, 0, 0
198, 49700, 0, 0
199, 49750, 0, 2947.351999999999
199, 49800, 0, 0
199, 49850, 0, 0
199, 49900, 0, 0
199, 49950, 0, 0
200, 50000, 0, 3495.607999999999
200, 50050, 0, 0
200, 50100, 0, 0
200, 50150, 0, 0
200, 50200, 0, 0
201, 50250, 0, 3306.744
201, 50300, 0, 0
201, 50350, 0, 0
201, 50400, 0, 0
201, 50450, 0, 0
202, 50500, 0, 3495.416
202, 50550, 0, 0
202, 50600, 0, 0
202, 50650, 0, 0
202, 50700, 0, 0
203, 50750, 0, 3717.4960000000005
203, 50800, 0, 0
203, 50850, 0, 0
203, 50900, 0, 0
203, 50950, 0, 0
204, 51000, 0, 3631.512
204, 51050, 0, 0
204, 51100, 0, 0
204, 51150, 0, 0
204, 51200, 0, 0
205, 51250, 0, 3848.1840000000007
205, 51300, 0, 0
205, 51350, 0, 0
205, 51400, 0, 0
205, 51450, 0, 0
206, 51500, 0, 3323.0959999999995
206, 51550, 0, 0
206, 51600, 0, 0
206, 51650, 0, 0
206, 51700, 0, 0
207, 51750, 0, 3284.8880000000004
207, 51800, 0, 0
207, 51850, 0, 0
207, 51900, 0, 0
207, 51950, 0, 0
208, 52000, 0, 2914.7119999999995
208, 52050, 0, 0
208, 52100, 0, 0
208, 52150, 0, 0
208, 52200, 0, 0
209, 52250, 0, 3310.808000000002
209, 52300, 0, 0
209, 52350, 0, 0
209, 52400, 0, 0
209, 52450, 0, 0
210, 52500, 0, 3816.0559999999996
210, 52550, 0, 0
210, 52600, 0, 0
210, 52650, 0, 0
210, 52700, 0, 0
211, 52750, 0, 3159.4159999999993
211, 52800, 0, 0
211, 52850, 0, 0
211, 52900, 0, 0
211, 52950, 0, 0
212, 53000, 0, 2996.4080000000004
212, 53050, 0, 0
212, 53100, 0, 0
212, 53150, 0, 0
212, 53200, 0, 0
213, 53250, 0, 3509.784
213, 53300, 0, 0
213, 53350, 0, 0
213, 53400, 0, 0
213, 53450, 0, 0
214, 53500, 0, 2982.3600000000006
214, 53550, 0, 0
214, 53600, 0, 0
214, 53650, 0, 0
214, 53700, 0, 0
215, 53750, 0, 3054.6799999999994
215, 53800, 0, 0
215, 53850, 0, 0
215, 53900, 0, 0
215, 53950, 0, 0
216, 54000, 0, 2911.5440000000003
216, 54050, 0, 0
216, 54100, 0, 0
216, 54150, 0, 0
216, 54200, 0, 0
217, 54250, 0, 3396.6
217, 54300, 0, 0
217, 54350, 0, 0
217, 54400, 0, 0
217, 54450, 0, 0
218, 54500, 0, 3136.248
218, 54550, 0, 0
218, 54600, 0, 0
218, 54650, 0, 0
218, 54700, 0, 0
219, 54750, 0, 3232.920000000001
219, 54800, 0, 0
219, 54850, 0, 0
219, 54900, 0, 0
219, 54950, 0, 0
220, 55000, 0, 3142.808000000001
220, 55050, 0, 0
220, 55100, 0, 0
220, 55150, 0, 0
220, 55200, 0, 0
221, 55250, 0, 3375.2239999999997
221, 55300, 0, 0
221, 55350, 0, 0
221, 55400, 0, 0
221, 55450, 0, 0
222, 55500, 0, 3668.44
222, 55550, 0, 0
222, 55600, 0, 0
222, 55650, 0, 0
222, 55700, 0, 0
223, 55750, 0, 3705.8799999999987
223, 55800, 0, 0
223, 55850, 0, 0
223, 55900, 0, 0
223, 55950, 0, 0
224, 56000, 0, 3096.6639999999998
224, 56050, 0, 0
224, 56100, 0, 0
224, 56150, 0, 0
224, 56200, 0, 0
225, 56250, 0, 3688.5040000000004
225, 56300, 0, 0
225, 56350, 0, 0
225, 56400, 0, 0
225, 56450, 0, 0
226, 56500, 0, 2986.6800000000007
226, 56550, 0, 0
226, 56600, 0, 0
226, 56650, 0, 0
226, 56700, 0, 0
227, 56750, 0, 2930.84
227, 56800, 0, 0
227, 56850, 0, 0
227, 56900, 0, 0
227, 56950, 0, 0
228, 57000, 0, 3603.287999999999
228, 57050, 0, 0
228, 57100, 0, 0
228, 57150, 0, 0
228, 57200, 0, 0
229, 57250, 0, 2779.6079999999993
229, 57300, 0, 0
229, 57350, 0, 0
229, 57400, 0, 0
229, 57450, 0, 0
230, 57500, 0, 3732.8880000000004
230, 57550, 0, 0
230, 57600, 0, 0
230, 57650, 0, 0
230, 57700, 0, 0
231, 57750, 0, 3559.8959999999997
231, 57800, 0, 0
231, 57850, 0, 0
231, 57900, 0, 0
231, 57950, 0, 0
232, 58000, 0, 3570.936
232, 58050, 0, 0
232, 58100, 0, 0
232, 58150, 0, 0
232, 58200, 0, 0
233, 58250, 0, 3447.895999999999
233, 58300, 0, 0
233, 58350, 0, 0
233, 58400, 0, 0
233, 58450, 0, 0
234, 58500, 0, 3654.3920000000003
234, 58550, 0, 0
234, 58600, 0, 0
234, 58650, 0, 0
234, 58700, 0, 0
235, 58750, 0, 3354.264
235, 58800, 0, 0
235, 58850, 0, 0
235, 58900, 0, 0
235, 58950, 0, 0
236, 59000, 0, 3468.5360000000005
236, 59050, 0, 0
236, 59100, 0, 0
236, 59150, 0, 0
236, 59200, 0, 0
237, 59250, 0, 3572.1520000000005
237, 59300, 0, 0
237, 59350, 0, 0
237, 59400, 0, 0
237, 59450, 0, 0
238, 59500, 0, 4256.440000000001
238, 59550, 0, 0
238, 59600, 0, 0
238, 59650, 0, 0
238, 59700, 0, 0
239, 59750, 0, 3428.9839999999995
239, 59800, 0, 0
239, 59850, 0, 0
239, 59900, 0, 0
239, 59950, 0, 0
240, 60000, 0, 4052.055999999999
240, 60050, 0, 0
240, 60100, 0, 0
240, 60150, 0, 0
240, 60200, 0, 0
241, 60250, 0, 4870.391999999999
241, 60300, 0, 0
241, 60350, 0, 0
241, 60400, 0, 0
241, 60450, 0, 0
242, 60500, 0, 3507.0640000000008
242, 60550, 0, 0
242, 60600, 0, 0
242, 60650, 0, 0
242, 60700, 0, 0
243, 60750, 0, 3626.5519999999997
243, 60800, 0, 0
243, 60850, 0, 0
243, 60900, 0, 0
243, 60950, 0, 0
244, 61000, 0, 3421.7200000000007
244, 61050, 0, 0
244, 61100, 0, 0
244, 61150, 0, 0
244, 61200, 0, 0
245, 61250, 0, 3918.7759999999985
245, 61300, 0, 0
245, 61350, 0, 0
245, 61400, 0, 0
245, 61450, 0, 0
246, 61500, 0, 3767.4227872000006
246, 61550, 0, 0
246, 61600, 0, 0
246, 61650, 0, 0
246, 61700, 0, 0
247, 61750, 0, 3143.5120000000006
247, 61800, 0, 0
247, 61850, 0, 0
247, 61900, 0, 0
247, 61950, 0, 0
248, 62000, 0, 3600.5040000000004
248, 62050, 0, 0
248, 62100, 0, 0
248, 62150, 0, 0
248, 62200, 0, 0
249, 62250, 0, 3217.0160000000014
249, 62300, 0, 0
249, 62350, 0, 0
249, 62400, 0, 0
249, 62450, 0, 0
250, 62500, 0, 2952.4080000000004
250, 62550, 0, 0
250, 62600, 0, 0
250, 62650, 0, 0
250, 62700, 0, 0
251, 62750, 0, 3586.583999999999
251, 62800, 0, 0
251, 62850, 0, 0
251, 62900, 0, 0
251, 62950, 0, 0
252, 63000, 0, 3118.776
252, 63050, 0, 0
252, 63100, 0, 0
252, 63150, 0, 0
252, 63200, 0, 0
253, 63250, 0, 3755
253, 63300, 0, 0
253, 63350, 0, 0
253, 63400, 0, 0
253, 63450, 0, 0
254, 63500, 0, 4798.711999999999
254, 63550, 0, 0
254, 63600, 0, 0
254, 63650, 0, 0
254, 63700, 0, 0
255, 63750, 0, 3113.144
255, 63800, 0, 0
255, 63850, 0, 0
255, 63900, 0, 0
255, 63950, 0, 0
256, 64000, 0, 3681.752
256, 64050, 0, 0
256, 64100, 0, 0
256, 64150, 0, 0
256, 64200, 0, 0
257, 64250, 0, 4120.28
257, 64300, 0, 0
257, 64350, 0, 0
257, 64400, 0, 0
257, 64450, 0, 0
258, 64500, 0, 3320.5359999999996
258, 64550, 0, 0
258, 64600, 0, 0
258, 64650, 0, 0
258, 64700, 0, 0
259, 64750, 0, 3419.4479999999994
259, 64800, 0, 0
259, 64850, 0, 0
259, 64900, 0, 0
259, 64950, 0, 0
260, 65000, 0, 2739.672
260, 65050, 0, 0
260, 65100, 0, 0
260, 65150, 0, 0
260, 65200, 0, 0
261, 65250, 0, 3013.656000000001
261, 65300, 0, 0
261, 65350, 0, 0
261, 65400, 0, 0
261, 65450, 0, 0
262, 65500, 0, 3374.8400000000006
262, 65550, 0, 0
262, 65600, 0, 0
262, 65650, 0, 0
262, 65700, 0, 0
263, 65750, 0, 4353.208
263, 65800, 0, 0
263, 65850, 0, 0
263, 65900, 0, 0
263, 65950, 0, 0
264, 66000, 0, 3377.304
264, 66050, 0, 0
264, 66100, 0, 0
264, 66150, 0, 0
264, 66200, 0, 0
265, 66250, 0, 3631.64
265, 66300, 0, 0
265, 66350, 0, 0
265, 66400, 0, 0
265, 66450, 0, 0
266, 66500, 0, 3237.4
266, 66550, 0, 0
266, 66600, 0, 0
266, 66650, 0, 0
266, 66700, 0, 0
267, 66750, 0, 3794.4560000000015
267, 66800, 0, 0
267, 66850, 0, 0
267, 66900, 0, 0
267, 66950, 0, 0
268, 67000, 0, 2638.5520000000006
268, 67050, 0, 0
268, 67100, 0, 0
268, 67150, 0, 0
268, 67200, 0, 0
269, 67250, 0, 3206.7760000000003
269, 67300, 0, 0
269, 67350, 0, 0
269, 67400, 0, 0
269, 67450, 0, 0
270, 67500, 0, 2891.0959999999995
270, 67550, 0, 0
270, 67600, 27, 0
270, 67650, 0, 0
270, 67700, 0, 0
271, 67750, 0, 4973.021116800003
271, 67800, 0, 0
271, 67850, 0, 0
271, 67900, 0, 0
271, 67950, 0, 0
272, 68000, 0, 3268.9839999999995
272, 68050, 0, 0
272, 68100, 0, 0
272, 68150, 0, 0
272, 68200, 0, 0
273, 68250, 0, 3889.559999999999
273, 68300, 0, 0
273, 68350, 0, 0
273, 68400, 0, 0
273, 68450, 0, 0
274, 68500, 0, 3243.063999999999
274, 68550, 0, 0
274, 68600, 0, 0
274, 68650, 0, 0
274, 68700, 0, 0
275, 68750, 0, 3249.4960000000005
275, 68800, 0, 0
275, 68850, 0, 0
275, 68900, 0, 0
275, 68950, 0, 0
276, 69000, 0, 3777.4959999999996
276, 69050, 0, 0
276, 69100, 0, 0
276, 69150, 0, 0
276, 69200, 0, 0
277, 69250, 0, 3268.120000000001
277, 69300, 0, 0
277, 69350, 0, 0
277, 69400, 0, 0
277, 69450, 0, 0
278, 69500, 0, 3769.0160000000005
278, 69550, 0, 0
278, 69600, 0, 0
278, 69650, 0, 0
278, 69700, 0, 0
279, 69750, 0, 3891.576000000001
279, 69800, 0, 0
279, 69850, 0, 0
279, 69900, 0, 0
279, 69950, 0, 0
280, 70000, 0, 3301.5920000000006
280, 70050, 0, 0
280, 70100, 0, 0
280, 70150, 0, 0
280, 70200, 0, 0
281, 70250, 0, 3175.5760000000005
281, 70300, 0, 0
281, 70350, 0, 0
281, 70400, 0, 0
281, 70450, 0, 0
282, 70500, 0, 4668.759999999999
282, 70550, 0, 0
282, 70600, 0, 0
282, 70650, 0, 0
282, 70700, 0, 0
283, 70750, 0, 3340.023999999999
283, 70800, 0, 0
283, 70850, 0, 0
283, 70900, 0, 0
283, 70950, 0, 0
284, 71000, 0, 3499.384
284, 71050, 0, 0
284, 71100, 0, 0
284, 71150, 0, 0
284, 71200, 0, 0
285, 71250, 0, 3502.807999999998
285, 71300, 0, 0
285, 71350, 0, 0
285, 71400, 0, 0
285, 71450, 0, 0
286, 71500, 0, 3118.2960000000016
286, 71550, 0, 0
286, 71600, 0, 0
286, 71650, 0, 0
286, 71700, 0, 0
287, 71750, 0, 3188.5040000000004
287, 71800, 0, 0
287, 71850, 0, 0
287, 71900, 0, 0
287, 71950, 0, 0
288, 72000, 0, 4062.840000000001
288, 72050, 0, 0
288, 72100, 0, 0
288, 72150, 0, 0
288, 72200, 0, 0
289, 72250, 0, 3352.408
289, 72300, 0, 0
289, 72350, 0, 0
289, 72400, 0, 0
289, 72450, 0, 0
290, 72500, 0, 3708.5679999999993
290, 72550, 0, 0
290, 72600, 0, 0
290, 72650, 0, 0
290, 72700, 0, 0
291, 72750, 0, 3563.8
291, 72800, 0, 0
291, 72850, 0, 0
291, 72900, 0, 0
291, 72950, 0, 0
292, 73000, 0, 3406.871999999999
292, 73050, 0, 0
292, 73100, 0, 0
292, 73150, 0, 0
292, 73200, 0, 0
293, 73250, 0, 3585.9759999999997
293, 73300, 0, 0
293, 73350, 0, 0
293, 73400, 0, 0
293, 73450, 0, 0
294, 73500, 0, 3087.4799999999996
294, 73550, 0, 0
294, 73600, 0, 0
294, 73650, 0, 0
294, 73700, 0, 0
295, 73750, 0, 4376.5999999999985
295, 73800, 0, 0
295, 73850, 0, 0
295, 73900, 0, 0
295, 73950, 0, 0
296, 74000, 0, 4244.120000000001
296, 74050, 0, 0
296, 74100, 0, 0
296, 74150, 0, 0
296, 74200, 0, 0
297, 74250, 0, 4081.07437312
297, 74300, 0, 0
297, 74350, 0, 0
297, 74400, 0, 0
297, 74450, 0, 0
298, 74500, 0, 3694.6479999999992
298, 74550, 0, 0
298, 74600, 0, 0
298, 74650, 0, 0
298, 74700, 0, 0
299, 74750, 0, 3714.456000000001
299, 74800, 0, 0
299, 74850, 0, 0
299, 74900, 0, 0
299, 74950, 0, 0
300, 75000, 0, 3804.1199999999994
300, 75050, 0, 0
300, 75100, 0, 0
300, 75150, 0, 0
300, 75200, 0, 0
301, 75250, 0, 3371.767999999999
301, 75300, 0, 0
301, 75350, 0, 0
301, 75400, 0, 0
301, 75450, 0, 0
302, 75500, 0, 3511.4479999999994
302, 75550, 0, 0
302, 75600, 0, 0
302, 75650, 0, 0
302, 75700, 0, 0
303, 75750, 0, 4219.128
303, 75800, 0, 0
303, 75850, 0, 0
303, 75900, 0, 0
303, 75950, 0, 0
304, 76000, 0, 3821.8160000000003
304, 76050, 0, 0
304, 76100, 0, 0
304, 76150, 0, 0
304, 76200, 0, 0
305, 76250, 0, 3410.456
305, 76300, 0, 0
305, 76350, 0, 0
305, 76400, 0, 0
305, 76450, 0, 0
306, 76500, 0, 3583.704
306, 76550, 0, 0
306, 76600, 0, 0
306, 76650, 0, 0
306, 76700, 0, 0
307, 76750, 0, 3284.4719999999998
307, 76800, 0, 0
307, 76850, 0, 0
307, 76900, 0, 0
307, 76950, 0, 0
308, 77000, 0, 3782.6799999999994
308, 77050, 0, 0
308, 77100, 0, 0
308, 77150, 0, 0
308, 77200, 0, 0
309, 77250, 0, 2821.1440000000002
309, 77300, 0, 0
309, 77350, 0, 0
309, 77400, 0, 0
309, 77450, 0, 0
310, 77500, 0, 3122.5200000000004
310, 77550, 0, 0
310, 77600, 0, 0
310, 77650, 0, 0
310, 77700, 0, 0
311, 77750, 0, 3032.824
311, 77800, 0, 0
311, 77850, 0, 0
311, 77900, 0, 0
311, 77950, 0, 0
312, 78000, 0, 4422.103999999999
312, 78050, 0, 0
312, 78100, 0, 0
312, 78150, 0, 0
312, 78200, 0, 0
313, 78250, 0, 3200.5680000000007
313, 78300, 0, 0
313, 78350, 0, 0
313, 78400, 0, 0
313, 78450, 0, 0
314, 78500, 0, 3256.8880000000004
314, 78550, 0, 0
314, 78600, 0, 0
314, 78650, 0, 0
314, 78700, 0, 0
315, 78750, 0, 2714.744
315, 78800, 0, 0
315, 78850, 0, 0
315, 78900, 0, 0
315, 78950, 0, 0
316, 79000, 0, 3255.6079999999997
316, 79050, 0, 0
316, 79100, 0, 0
316, 79150, 0, 0
316, 79200, 0, 0
317, 79250, 0, 3558.104000000001
317, 79300, 0, 0
317, 79350, 0, 0
317, 79400, 0, 0
317, 79450, 0, 0
318, 79500, 0, 2930.3919999999994
318, 79550, 0, 0
318, 79600, 0, 0
318, 79650, 0, 0
318, 79700, 0, 0
319, 79750, 0, 3215.16
319, 79800, 0, 0
319, 79850, 0, 0
319, 79900, 0, 0
319, 79950, 0, 0
320, 80000, 0, 3464.3119999999994
320, 80050, 0, 0
320, 80100, 0, 0
320, 80150, 0, 0
320, 80200, 0, 0
321, 80250, 0, 4211.448000000001
321, 80300, 0, 0
321, 80350, 0, 0
321, 80400, 0, 0
321, 80450, 0, 0
322, 80500, 0, 3495.4799999999996
322, 80550, 0, 0
322, 80600, 0, 0
322, 80650, 0, 0
322, 80700, 0, 0
323, 80750, 0, 3397.9119999999994
323, 80800, 0, 0
323, 80850, 0, 0
323, 80900, 0, 0
323, 80950, 0, 0
324, 81000, 0, 3830.0720000000006
324, 81050, 0, 0
324, 81100, 0, 0
324, 81150, 0, 0
324, 81200, 0, 0
325, 81250, 0, 4773.532751039998
325, 81300, 0, 0
325, 81350, 0, 0
325, 81400, 0, 0
325, 81450, 0, 0
326, 81500, 0, 3137.8160000000003
326, 81550, 0, 0
326, 81600, 0, 0
326, 81650, 0, 0
326, 81700, 0, 0
327, 81750, 0, 3954.040000000002
327, 81800, 0, 0
327, 81850, 0, 0
327, 81900, 0, 0
327, 81950, 0, 0
328, 82000, 0, 3406.104
328, 82050, 0, 0
328, 82100, 0, 0
328, 82150, 0, 0
328, 82200, 0, 0
329, 82250, 0, 4341.815999999999
329, 82300, 0, 0
329, 82350, 0, 0
329, 82400, 0, 0
329, 82450, 0, 0
330, 82500, 0, 3702.967999999999
330, 82550, 0, 0
330, 82600, 0, 0
330, 82650, 0, 0
330, 82700, 0, 0
331, 82750, 0, 4021.6880000000006
331, 82800, 0, 0
331, 82850, 0, 0
331, 82900, 0, 0
331, 82950, 0, 0
332, 83000, 0, 2955.3519999999994
332, 83050, 0, 0
332, 83100, 0, 0
332, 83150, 0, 0
332, 83200, 0, 0
333, 83250, 0, 4520.824000000001
333, 83300, 0, 0
333, 83350, 0, 0
333, 83400, 0, 0
333, 83450, 0, 0
334, 83500, 0, 3103.4800000000005
334, 83550, 0, 0
334, 83600, 0, 0
334, 83650, 0, 0
334, 83700, 0, 0
335, 83750, 0, 3500.535999999999
335, 83800, 0, 0
335, 83850, 0, 0
335, 83900, 0, 0
335, 83950, 0, 0
336, 84000, 0, 3615.736000000001
336, 84050, 0, 0
336, 84100, 0, 0
336, 84150, 0, 0
336, 84200, 0, 0
337, 84250, 0, 3872.983999999999
337, 84300, 0, 0
337, 84350, 0, 0
337, 84400, 0, 0
337, 84450, 0, 0
338, 84500, 0, 3377.1120000000005
338, 84550, 0, 0
338, 84600, 0, 0
338, 84650, 0, 0
338, 84700, 0, 0
339, 84750, 0, 4927.352
339, 84800, 0, 0
339, 84850, 0, 0
339, 84900, 0, 0
339, 84950, 0, 0
340, 85000, 0, 4726.039999999999
340, 85050, 0, 0
340, 85100, 0, 0
340, 85150, 0, 0
340, 85200, 0, 0
341, 85250, 0, 3608.0239999999994
341, 85300, 0, 0
341, 85350, 0, 0
341, 85400, 0, 0
341, 85450, 0, 0
342, 85500, 0, 3285.752
342, 85550, 0, 0
342, 85600, 0, 0
342, 85650, 0, 0
342, 85700, 0, 0
343, 85750, 0, 5506.264
343, 85800, 0, 0
343, 85850, 0, 0
343, 85900, 0, 0
343, 85950, 0, 0
344, 86000, 0, 3435.224
344, 86050, 0, 0
344, 86100, 0, 0
344, 86150, 0, 0
344, 86200, 0, 0
345, 86250, 0, 4719.8
345, 86300, 26, 0
345, 86350, 0, 0
345, 86400, 27, 0
345, 86450, 0, 0
346, 86500, 0, 5980.520109120007
346, 86550, 0, 0
346, 86600, 0, 0
346, 86650, 0, 0
346, 86700, 0, 0
347, 86750, 0, 3486.296
347, 86800, 0, 0
347, 86850, 0, 0
347, 86900, 0, 0
347, 86950, 0, 0
348, 87000, 0, 4983.511999999999
348, 87050, 0, 0
348, 87100, 0, 0
348, 87150, 0, 0
348, 87200, 0, 0
349, 87250, 0, 4607.772718719999
349, 87300, 0, 0
349, 87350, 0, 0
349, 87400, 0, 0
349, 87450, 0, 0
350, 87500, 0, 4355.223999999998
350, 87550, 0, 0
350, 87600, 0, 0
350, 87650, 0, 0
350, 87700, 0, 0
351, 87750, 0, 3880.0239999999994
351, 87800, 0, 0
351, 87850, 0, 0
351, 87900, 0, 0
351, 87950, 0, 0
352, 88000, 0, 3681.6560000000004
352, 88050, 0, 0
352, 88100, 0, 0
352, 88150, 0, 0
352, 88200, 0, 0
353, 88250, 0, 3038.712000000001
353, 88300, 0, 0
353, 88350, 0, 0
353, 88400, 0, 0
353, 88450, 0, 0
354, 88500, 0, 3831.0319999999997
354, 88550, 0, 0
354, 88600, 0, 0
354, 88650, 0, 0
354, 88700, 0, 0
355, 88750, 0, 4209.4
355, 88800, 0, 0
355, 88850, 0, 0
355, 88900, 0, 0
355, 88950, 0, 0
356, 89000, 0, 4072.5359999999996
356, 89050, 0, 0
356, 89100, 0, 0
356, 89150, 0, 0
356, 89200, 0, 0
357, 89250, 0, 3462.6479999999997
357, 89300, 0, 0
357, 89350, 0, 0
357, 89400, 0, 0
357, 89450, 0, 0
358, 89500, 0, 3292.472
358, 89550, 0, 0
358, 89600, 0, 0
358, 89650, 0, 0
358, 89700, 0, 0
359, 89750, 0, 3361.3360000000016
359, 89800, 0, 0
359, 89850, 0, 0
359, 89900, 0, 0
359, 89950, 0, 0
360, 90000, 0, 4618.424
360, 90050, 0, 0
360, 90100, 0, 0
360, 90150, 0, 0
360, 90200, 0, 0
361, 90250, 0, 4112.6
361, 90300, 0, 0
361, 90350, 0, 0
361, 90400, 0, 0
361, 90450, 0, 0
362, 90500, 0, 4123.927999999999
362, 90550, 0, 0
362, 90600, 0, 0
362, 90650, 0, 0
362, 90700, 0, 0
363, 90750, 0, 3536.376
363, 90800, 0, 0
363, 90850, 0, 0
363, 90900, 0, 0
363, 90950, 0, 0
364, 91000, 0, 4464.536
364, 91050, 0, 0
364, 91100, 0, 0
364, 91150, 0, 0
364, 91200, 0, 0
365, 91250, 0, 4892.855999999999
365, 91300, 0, 0
365, 91350, 0, 0
365, 91400, 0, 0
365, 91450, 0, 0
366, 91500, 0, 3029.4000000000005
366, 91550, 0, 0
366, 91600, 0, 0
366, 91650, 0, 0
366, 91700, 0, 0
367, 91750, 0, 3894.3279999999995
367, 91800, 0, 0
367, 91850, 0, 0
367, 91900, 0, 0
367, 91950, 0, 0
368, 92000, 0, 3410.3919999999994
368, 92050, 0, 0
368, 92100, 0, 0
368, 92150, 0, 0
368, 92200, 0, 0
369, 92250, 0, 4049.7200000000007
369, 92300, 0, 0
369, 92350, 0, 0
369, 92400, 0, 0
369, 92450, 0, 0
370, 92500, 0, 3929.175999999999
370, 92550, 0, 0
370, 92600, 0, 0
370, 92650, 0, 0
370, 92700, 0, 0
371, 92750, 0, 4156.44
371, 92800, 0, 0
371, 92850, 0, 0
371, 92900, 0, 0
371, 92950, 0, 0
372, 93000, 0, 3953.784
372, 93050, 0, 0
372, 93100, 0, 0
372, 93150, 0, 0
372, 93200, 0, 0
373, 93250, 0, 3643.799999999999
373, 93300, 0, 0
373, 93350, 0, 0
373, 93400, 0, 0
373, 93450, 0, 0
374, 93500, 0, 3141.207999999999
374, 93550, 0, 0
374, 93600, 0, 0
374, 93650, 0, 0
374, 93700, 0, 0
375, 93750, 0, 4582.168000000001
375, 93800, 0, 0
375, 93850, 0, 0
375, 93900, 0, 0
375, 93950, 0, 0
376, 94000, 0, 3351.127999999999
376, 94050, 0, 0
376, 94100, 0, 0
376, 94150, 0, 0
376, 94200, 0, 0
377, 94250, 0, 3961.656
377, 94300, 0, 0
377, 94350, 0, 0
377, 94400, 0, 0
377, 94450, 0, 0
378, 94500, 0, 3408.0880000000006
378, 94550, 26, 0
378, 94600, 27, 0
378, 94650, 0, 0
378, 94700, 28, 0
379, 94750, 0, 5287.121613760001
379, 94800, 0, 0
379, 94850, 0, 0
379, 94900, 0, 0
379, 94950, 0, 0
380, 95000, 0, 3158.4239999999995
380, 95050, 0, 0
380, 95100, 0, 0
380, 95150, 0, 0
380, 95200, 0, 0
381, 95250, 0, 3871.2560000000008
381, 95300, 0, 0
381, 95350, 0, 0
381, 95400, 0, 0
381, 95450, 0, 0
382, 95500, 0, 4738.136000000001
382, 95550, 0, 0
382, 95600, 0, 0
382, 95650, 0, 0
382, 95700, 0, 0
383, 95750, 0, 3678.008
383, 95800, 0, 0
383, 95850, 0, 0
383, 95900, 0, 0
383, 95950, 0, 0
384, 96000, 0, 4492.375999999998
384, 96050, 0, 0
384, 96100, 0, 0
384, 96150, 0, 0
384, 96200, 0, 0
385, 96250, 0, 4144.664000000002
385, 96300, 0, 0
385, 96350, 0, 0
385, 96400, 0, 0
385, 96450, 0, 0
386, 96500, 0, 3918.616000000001
386, 96550, 0, 0
386, 96600, 0, 0
386, 96650, 0, 0
386, 96700, 0, 0
387, 96750, 0, 3968.151999999999
387, 96800, 0, 0
387, 96850, 0, 0
387, 96900, 0, 0
387, 96950, 0, 0
388, 97000, 0, 4466.616
388, 97050, 0, 0
388, 97100, 0, 0
388, 97150, 0, 0
388, 97200, 0, 0
389, 97250, 0, 3226.935999999998
389, 97300, 0, 0
389, 97350, 0, 0
389, 97400, 0, 0
389, 97450, 0, 0
390, 97500, 0, 3796.6639999999998
390, 97550, 0, 0
390, 97600, 0, 0
390, 97650, 0, 0
390, 97700, 0, 0
391, 97750, 0, 4298.947564160001
391, 97800, 0, 0
391, 97850, 0, 0
391, 97900, 0, 0
391, 97950, 0, 0
392, 98000, 0, 3626.263999999999
392, 98050, 0, 0
392, 98100, 0, 0
392, 98150, 0, 0
392, 98200, 0, 0
393, 98250, 0, 4569.143999999999
393, 98300, 0, 0
393, 98350, 0, 0
393, 98400, 0, 0
393, 98450, 0, 0
394, 98500, 0, 3782.8400000000006
394, 98550, 0, 0
394, 98600, 0, 0
394, 98650, 0, 0
394, 98700, 0, 0
395, 98750, 0, 3946.0720000000006
395, 98800, 0, 0
395, 98850, 0, 0
395, 98900, 0, 0
395, 98950, 0, 0
396, 99000, 0, 4078.9040000000005
396, 99050, 0, 0
396, 99100, 0, 0
396, 99150, 0, 0
396, 99200, 0, 0
397, 99250, 0, 3369.720000000001
397, 99300, 0, 0
397, 99350, 0, 0
397, 99400, 0, 0
397, 99450, 0, 0
398, 99500, 0, 3888.8879999999995
398, 99550, 0, 0
398, 99600, 0, 0
398, 99650, 0, 0
398, 99700, 0, 0
399, 99750, 0, 4693.144000000001
399, 99800, 0, 0
399, 99850, 0, 0
399, 99900, 0, 0
399, 99950, 0, 0
400, 100000, 0, 3820.312000000001
400, 100050, 0, 0
400, 100100, 0, 0
400, 100150, 0, 0
400, 100200, 0, 0
401, 100250, 0, 2653.528
401, 100300, 0, 0
401, 100350, 0, 0
401, 100400, 0, 0
401, 100450, 0, 0
402, 100500, 0, 3980.664
402, 100550, 0, 0
402, 100600, 0, 0
402, 100650, 0, 0
402, 100700, 0, 0
403, 100750, 0, 3553.3680000000004
403, 100800, 0, 0
403, 100850, 0, 0
403, 100900, 0, 0
403, 100950, 0, 0
404, 101000, 0, 3213.272
404, 101050, 0, 0
404, 101100, 0, 0
404, 101150, 0, 0
404, 101200, 0, 0
405, 101250, 0, 4349.400000000001
405, 101300, 0, 0
405, 101350, 0, 0
405, 101400, 0, 0
405, 101450, 0, 0
406, 101500, 0, 5016.92
406, 101550, 0, 0
406, 101600, 0, 0
406, 101650, 0, 0
406, 101700, 0, 0
407, 101750, 0, 4810.592080000001
407, 101800, 0, 0
407, 101850, 0, 0
407, 101900, 0, 0
407, 101950, 0, 0
408, 102000, 0, 3729.368
408, 102050, 0, 0
408, 102100, 0, 0
408, 102150, 0, 0
408, 102200, 0, 0
409, 102250, 0, 6279.288000000001
409, 102300, 0, 0
409, 102350, 0, 0
409, 102400, 0, 0
409, 102450, 0, 0
410, 102500, 0, 5166.359999999998
410, 102550, 0, 0
410, 102600, 0, 0
410, 102650, 0, 0
410, 102700, 0, 0
411, 102750, 0, 5237.566525440002
411, 102800, 0, 0
411, 102850, 0, 0
411, 102900, 0, 0
411, 102950, 0, 0
412, 103000, 0, 4751.415999999999
412, 103050, 0, 0
412, 103100, 0, 0
412, 103150, 0, 0
412, 103200, 0, 0
413, 103250, 0, 3576.0559999999996
413, 103300, 0, 0
413, 103350, 0, 0
413, 103400, 0, 0
413, 103450, 0, 0
414, 103500, 0, 3479.543999999999
414, 103550, 0, 0
414, 103600, 0, 0
414, 103650, 0, 0
414, 103700, 0, 0
415, 103750, 0, 4138.999999999999
415, 103800, 0, 0
415, 103850, 0, 0
415, 103900, 0, 0
415, 103950, 0, 0
416, 104000, 0, 4253.432
416, 104050, 0, 0
416, 104100, 0, 0
416, 104150, 0, 0
416, 104200, 0, 0
417, 104250, 0, 3892.696
417, 104300, 0, 0
417, 104350, 0, 0
417, 104400, 0, 0
417, 104450, 0, 0
418, 104500, 0, 3377.0480000000007
418, 104550, 0, 0
418, 104600, 0, 0
418, 104650, 0, 0
418, 104700, 0, 0
419, 104750, 0, 3897.4639999999995
419, 104800, 0, 0
419, 104850, 0, 0
419, 104900, 0, 0
419, 104950, 0, 0
420, 105000, 0, 3976.6319999999982
420, 105050, 0, 0
420, 105100, 0, 0
420, 105150, 0, 0
420, 105200, 0, 0
421, 105250, 0, 2866.52
421, 105300, 0, 0
421, 105350, 0, 0
421, 105400, 0, 0
421, 105450, 0, 0
422, 105500, 0, 3027.0319999999997
422, 105550, 0, 0
422, 105600, 0, 0
422, 105650, 0, 0
422, 105700, 0, 0
423, 105750, 0, 4379.800000000002
423, 105800, 0, 0
423, 105850, 0, 0
423, 105900, 0, 0
423, 105950, 0, 0
424, 106000, 0, 3709.911999999999
424, 106050, 0, 0
424, 106100, 0, 0
424, 106150, 0, 0
424, 106200, 0, 0
425, 106250, 0, 3554.2000000000007
425, 106300, 0, 0
425, 106350, 0, 0
425, 106400, 0, 0
425, 106450, 0, 0
426, 106500, 0, 4009.1440000000007
426, 106550, 0, 0
426, 106600, 0, 0
426, 106650, 0, 0
426, 106700, 0, 0
427, 106750, 0, 3175.9919999999997
427, 106800, 0, 0
427, 106850, 0, 0
427, 106900, 0, 0
427, 106950, 0, 0
428, 107000, 0, 3229.7520000000013
428, 107050, 0, 0
428, 107100, 0, 0
428, 107150, 0, 0
428, 107200, 0, 0
429, 107250, 0, 4501.815999999999
429, 107300, 0, 0
429, 107350, 0, 0
429, 107400, 0, 0
429, 107450, 0, 0
430, 107500, 0, 4224.888000000001
430, 107550, 0, 0
430, 107600, 0, 0
430, 107650, 0, 0
430, 107700, 0, 0
431, 107750, 0, 4157.638608639999
431, 107800, 0, 0
431, 107850, 0, 0
431, 107900, 0, 0
431, 107950, 0, 0
432, 108000, 0, 4259.672000000001
432, 108050, 0, 0
432, 108100, 0, 0
432, 108150, 0, 0
432, 108200, 0, 0
433, 108250, 0, 4641.624
433, 108300, 0, 0
433, 108350, 0, 0
433, 108400, 0, 0
433, 108450, 0, 0
434, 108500, 0, 3910.488000000001
434, 108550, 0, 0
434, 108600, 0, 0
434, 108650, 0, 0
434, 108700, 0, 0
435, 108750, 0, 3451.7999999999993
435, 108800, 0, 0
435, 108850, 0, 0
435, 108900, 0, 0
435, 108950, 0, 0
436, 109000, 0, 3283.9600000000005
436, 109050, 0, 0
436, 109100, 0, 0
436, 109150, 0, 0
436, 109200, 0, 0
437, 109250, 0, 3644.2480000000014
437, 109300, 0, 0
437, 109350, 0, 0
437, 109400, 0, 0
437, 109450, 0, 0
438, 109500, 0, 3527.2560000000003
438, 109550, 0, 0
438, 109600, 0, 0
438, 109650, 0, 0
438, 109700, 0, 0
439, 109750, 0, 3267.6079999999993
439, 109800, 0, 0
439, 109850, 0, 0
439, 109900, 0, 0
439, 109950, 0, 0
440, 110000, 0, 4322.616
440, 110050, 0, 0
440, 110100, 0, 0
440, 110150, 0, 0
440, 110200, 0, 0
441, 110250, 0, 3836.983999999999
441, 110300, 0, 0
441, 110350, 0, 0
441, 110400, 0, 0
441, 110450, 0, 0
442, 110500, 0, 4198.232
442, 110550, 0, 0
442, 110600, 0, 0
442, 110650, 0, 0
442, 110700, 0, 0
443, 110750, 0, 3796.087999999998
443, 110800, 0, 0
443, 110850, 0, 0
443, 110900, 0, 0
443, 110950, 0, 0
444, 111000, 0, 3867.287999999999
444, 111050, 0, 0
444, 111100, 0, 0
444, 111150, 0, 0
444, 111200, 0, 0
445, 111250, 0, 3421.688
445, 111300, 0, 0
445, 111350, 0, 0
445, 111400, 0, 0
445, 111450, 0, 0
446, 111500, 0, 3912.6319999999996
446, 111550, 0, 0
446, 111600, 0, 0
446, 111650, 0, 0
446, 111700, 0, 0
447, 111750, 0, 4288.951999999999
447, 111800, 0, 0
447, 111850, 0, 0
447, 111900, 0, 0
447, 111950, 0, 0
448, 112000, 0, 2944.1840000000007
448, 112050, 0, 0
448, 112100, 0, 0
448, 112150, 0, 0
448, 112200, 0, 0
449, 112250, 0, 4269.432
449, 112300, 0, 0
449, 112350, 0, 0
449, 112400, 0, 0
449, 112450, 0, 0
450, 112500, 0, 3065.2719999999995
450, 112550, 0, 0
450, 112600, 0, 0
450, 112650, 0, 0
450, 112700, 0, 0
451, 112750, 0, 3884.792
451, 112800, 0, 0
451, 112850, 0, 0
451, 112900, 0, 0
451, 112950, 0, 0
452, 113000, 0, 3527.767999999998
452, 113050, 0, 0
452, 113100, 0, 0
452, 113150, 0, 0
452, 113200, 0, 0
453, 113250, 0, 3717.72
453, 113300, 0, 0
453, 113350, 0, 0
453, 113400, 0, 0
453, 113450, 0, 0
454, 113500, 0, 3512.792000000001
454, 113550, 0, 0
454, 113600, 0, 0
454, 113650, 0, 0
454, 113700, 0, 0
455, 113750, 0, 4127.544
455, 113800, 0, 0
455, 113850, 0, 0
455, 113900, 0, 0
455, 113950, 0, 0
456, 114000, 0, 3341.5600000000004
456, 114050, 0, 0
456, 114100, 0, 0
456, 114150, 0, 0
456, 114200, 0, 0
457, 114250, 0, 3234.1680000000006
457, 114300, 0, 0
457, 114350, 0, 0
457, 114400, 0, 0
457, 114450, 0, 0
458, 114500, 0, 4535.448000000001
458, 114550, 0, 0
458, 114600, 0, 0
458, 114650, 0, 0
458, 114700, 0, 0
459, 114750, 0, 3689.592
459, 114800, 0, 0
459, 114850, 0, 0
459, 114900, 0, 0
459, 114950, 0, 0
460, 115000, 0, 3630.167999999999
460, 115050, 0, 0
460, 115100, 0, 0
460, 115150, 0, 0
460, 115200, 0, 0
461, 115250, 0, 3678.328
461, 115300, 0, 0
461, 115350, 0, 0
461, 115400, 0, 0
461, 115450, 0, 0
462, 115500, 0, 3764.215999999999
462, 115550, 0, 0
462, 115600, 0, 0
462, 115650, 0, 0
462, 115700, 0, 0
463, 115750, 0, 4054.456
463, 115800, 0, 0
463, 115850, 0, 0
463, 115900, 26.714285714285715, 0
463, 115950, 26, 0
464, 116000, 0, 5277.719894080002
464, 116050, 0, 0
464, 116100, 0, 0
464, 116150, 0, 0
464, 116200, 0, 0
465, 116250, 0, 4669.944
465, 116300, 0, 0
465, 116350, 0, 0
465, 116400, 0, 0
465, 116450, 0, 0
466, 116500, 0, 3644.151999999999
466, 116550, 0, 0
466, 116600, 0, 0
466, 116650, 0, 0
466, 116700, 0, 0
467, 116750, 0, 3587.7039999999993
467, 116800, 0, 0
467, 116850, 0, 0
467, 116900, 0, 0
467, 116950, 0, 0
468, 117000, 0, 4284.759999999999
468, 117050, 0, 0
468, 117100, 0, 0
468, 117150, 0, 0
468, 117200, 0, 0
469, 117250, 0, 3442.7439999999997
469, 117300, 0, 0
469, 117350, 0, 0
469, 117400, 0, 0
469, 117450, 0, 0
470, 117500, 0, 3071.5760000000005
470, 117550, 0, 0
470, 117600, 0, 0
470, 117650, 0, 0
470, 117700, 0, 0
471, 117750, 0, 4122.775999999999
471, 117800, 0, 0
471, 117850, 0, 0
471, 117900, 0, 0
471, 117950, 0, 0
472, 118000, 0, 3743.1280000000006
472, 118050, 0, 0
472, 118100, 0, 0
472, 118150, 0, 0
472, 118200, 0, 0
473, 118250, 0, 4048.5510934399995
473, 118300, 0, 0
473, 118350, 0, 0
473, 118400, 0, 0
473, 118450, 0, 0
474, 118500, 0, 3329.368
474, 118550, 0, 0
474, 118600, 0, 0
474, 118650, 0, 0
474, 118700, 0, 0
475, 118750, 0, 3638.6159999999986
475, 118800, 0, 0
475, 118850, 0, 0
475, 118900, 0, 0
475, 118950, 0, 0
476, 119000, 0, 3684.216000000001
476, 119050, 0, 0
476, 119100, 0, 0
476, 119150, 0, 0
476, 119200, 0, 0
477, 119250, 0, 3239.8
477, 119300, 0, 0
477, 119350, 0, 0
477, 119400, 0, 0
477, 119450, 0, 0
478, 119500, 0, 3678.8399999999992
478, 119550, 0, 0
478, 119600, 0, 0
478, 119650, 0, 0
478, 119700, 0, 0
479, 119750, 0, 4546.103999999999
479, 119800, 0, 0
479, 119850, 0, 0
479, 119900, 0, 0
479, 119950, 0, 0
480, 120000, 0, 4028.024000000001
480, 120050, 0, 0
480, 120100, 0, 0
480, 120150, 0, 0
480, 120200, 0, 0
481, 120250, 0, 2954.424000000001
481, 120300, 0, 0
481, 120350, 0, 0
481, 120400, 0, 0
481, 120450, 0, 0
482, 120500, 0, 3565.752
482, 120550, 0, 0
482, 120600, 0, 0
482, 120650, 0, 0
482, 120700, 0, 0
483, 120750, 0, 4168.407999999999
483, 120800, 0, 0
483, 120850, 0, 0
483, 120900, 0, 0
483, 120950, 0, 0
484, 121000, 0, 3612.695999999999
484, 121050, 0, 0
484, 121100, 0, 0
484, 121150, 0, 0
484, 121200, 0, 0
485, 121250, 0, 3379.6719999999996
485, 121300, 0, 0
485, 121350, 0, 0
485, 121400, 0, 0
485, 121450, 0, 0
486, 121500, 0, 3671.3520000000008
486, 121550, 0, 0
486, 121600, 0, 0
486, 121650, 0, 0
486, 121700, 0, 0
487, 121750, 0, 3023.3520000000003
487, 121800, 0, 0
487, 121850, 0, 0
487, 121900, 0, 0
487, 121950, 0, 0
488, 122000, 0, 3342.2320000000013
488, 122050, 0, 0
488, 122100, 0, 0
488, 122150, 0, 0
488, 122200, 0, 0
489, 122250, 0, 2967.2239999999997
489, 122300, 0, 0
489, 122350, 0, 0
489, 122400, 0, 0
489, 122450, 0, 0
490, 122500, 0, 3499.6719999999996
490, 122550, 0, 0
490, 122600, 0, 0
490, 122650, 0, 0
490, 122700, 0, 0
491, 122750, 0, 3434.2959999999985
491, 122800, 0, 0
491, 122850, 0, 0
491, 122900, 0, 0
491, 122950, 0, 0
492, 123000, 0, 4020.5360000000005
492, 123050, 0, 0
492, 123100, 0, 0
492, 123150, 0, 0
492, 123200, 0, 0
493, 123250, 0, 3075.3840000000014
493, 123300, 0, 0
493, 123350, 0, 0
493, 123400, 0, 0
493, 123450, 0, 0
494, 123500, 0, 2901.1760000000004
494, 123550, 0, 0
494, 123600, 0, 0
494, 123650, 0, 0
494, 123700, 0, 0
495, 123750, 0, 3512.4079999999994
495, 123800, 0, 0
495, 123850, 0, 0
495, 123900, 0, 0
495, 123950, 0, 0
496, 124000, 0, 4381.815999999999
496, 124050, 0, 0
496, 124100, 0, 0
496, 124150, 0, 0
496, 124200, 0, 0
497, 124250, 0, 4016.631999999999
497, 124300, 0, 0
497, 124350, 0, 0
497, 124400, 0, 0
497, 124450, 0, 0
498, 124500, 0, 4146.500443200001
498, 124550, 0, 0
498, 124600, 0, 0
498, 124650, 0, 0
498, 124700, 0, 0
499, 124750, 0, 3489.304000000001
499, 124800, 0, 0
499, 124850, 0, 0
499, 124900, 0, 0
499, 124950, 0, 0
500, 125000, 0, 4088.663999999999
