--------------------------------------------------------------------------------
TIMESTAMP: 10:18:22.439 AM 17-Jun-2022
PARAMS:
  population 0
  wiggle-angle 45
  look-ahead 1
  sniff-threshold 0.9
  sniff-angle 45
  chemical-drop 3
  diffuse-share 1
  evaporation-rate 0.95
  cluster-threshold 25
  cluster-radius 10
  learning-turtles 50
  ticks-per-episode 250
  episodes 500
  learning-rate 0.9
  discount-factor 0.9
  reward 100
  penalty -1
  e-greedy 0.5 0.9
ACTION SPACE: move-and-drop walk-and-drop move-toward-chemical random-walk drop-chemical
OBSERVATION SPACE: chemical-here in-cluster
REWARD: rewardFunc8
--------------------------------------------------------------------------------
Episode, Tick, Avg custer size X tick, Avg reward X episode, Actions distribution
0, 50, 0, 0
0, 100, 0, 0
0, 150, 0, 0
0, 200, 0, 0
1, 250, 0, 3340.023999999999
1, 300, 0, 0
1, 350, 0, 0
1, 400, 0, 0
1, 450, 0, 0
2, 500, 0, 4551.58485568
2, 550, 0, 0
2, 600, 0, 0
2, 650, 0, 0
2, 700, 0, 0
3, 750, 0, 4521.0177129600015
3, 800, 0, 0
3, 850, 0, 0
3, 900, 0, 0
3, 950, 0, 0
4, 1000, 0, 4380.279999999998
4, 1050, 0, 0
4, 1100, 0, 0
4, 1150, 0, 0
4, 1200, 0, 0
5, 1250, 28, 4771.26452288
5, 1300, 0, 0
5, 1350, 0, 0
5, 1400, 0, 0
5, 1450, 0, 0
6, 1500, 0, 4153.111999999999
6, 1550, 0, 0
6, 1600, 0, 0
6, 1650, 0, 0
6, 1700, 0, 0
7, 1750, 0, 4470.118026880001
7, 1800, 0, 0
7, 1850, 0, 0
7, 1900, 0, 0
7, 1950, 26, 0
8, 2000, 29.571428571428573, 4798.133566720002
8, 2050, 0, 0
8, 2100, 0, 0
8, 2150, 0, 0
8, 2200, 0, 0
9, 2250, 0, 3947.5759999999996
9, 2300, 0, 0
9, 2350, 0, 0
9, 2400, 0, 0
9, 2450, 0, 0
10, 2500, 0, 4079.7999999999993
10, 2550, 0, 0
10, 2600, 29.545454545454547, 0
10, 2650, 29.958333333333332, 0
10, 2700, 28.16, 0
11, 2750, 27, 6360.017552319999
11, 2800, 0, 0
11, 2850, 0, 0
11, 2900, 0, 0
11, 2950, 0, 0
12, 3000, 0, 3669.688000000001
12, 3050, 0, 0
12, 3100, 0, 0
12, 3150, 0, 0
12, 3200, 0, 0
13, 3250, 0, 3983.896000000001
13, 3300, 0, 0
13, 3350, 0, 0
13, 3400, 0, 0
13, 3450, 0, 0
14, 3500, 0, 3968.3759999999997
14, 3550, 0, 0
14, 3600, 0, 0
14, 3650, 0, 0
14, 3700, 0, 0
15, 3750, 0, 4356.3593715199995
15, 3800, 0, 0
15, 3850, 0, 0
15, 3900, 0, 0
15, 3950, 0, 0
16, 4000, 0, 3771.4800000000005
16, 4050, 0, 0
16, 4100, 0, 0
16, 4150, 0, 0
16, 4200, 0, 0
17, 4250, 0, 3924.8559999999993
17, 4300, 0, 0
17, 4350, 0, 0
17, 4400, 0, 0
17, 4450, 0, 0
18, 4500, 0, 3469.3039999999996
18, 4550, 0, 0
18, 4600, 0, 0
18, 4650, 0, 0
18, 4700, 0, 0
19, 4750, 0, 3965.0480646399983
19, 4800, 0, 0
19, 4850, 0, 0
19, 4900, 0, 0
19, 4950, 26.454545454545453, 0
20, 5000, 27, 5312.05438912
20, 5050, 0, 0
20, 5100, 0, 0
20, 5150, 0, 0
20, 5200, 0, 0
21, 5250, 0, 4382.584
21, 5300, 0, 0
21, 5350, 0, 0
21, 5400, 0, 0
21, 5450, 0, 0
22, 5500, 0, 3458.199999999999
22, 5550, 0, 0
22, 5600, 0, 0
22, 5650, 0, 0
22, 5700, 0, 0
23, 5750, 0, 4855.367222720001
23, 5800, 0, 0
23, 5850, 0, 0
23, 5900, 0, 0
23, 5950, 0, 0
24, 6000, 0, 3881.784
24, 6050, 0, 0
24, 6100, 0, 0
24, 6150, 26.8, 0
24, 6200, 26.53846153846154, 0
25, 6250, 28.5, 5388.435045759999
25, 6300, 0, 0
25, 6350, 0, 0
25, 6400, 0, 0
25, 6450, 0, 0
26, 6500, 0, 4446.008000000001
26, 6550, 0, 0
26, 6600, 0, 0
26, 6650, 0, 0
26, 6700, 0, 0
27, 6750, 0, 4435.8319999999985
27, 6800, 0, 0
27, 6850, 0, 0
27, 6900, 0, 0
27, 6950, 0, 0
28, 7000, 0, 3577.495999999999
28, 7050, 0, 0
28, 7100, 0, 0
28, 7150, 0, 0
28, 7200, 0, 0
29, 7250, 27, 4374.262985280001
29, 7300, 0, 0
29, 7350, 0, 0
29, 7400, 0, 0
29, 7450, 0, 0
30, 7500, 0, 4653.592000000001
30, 7550, 0, 0
30, 7600, 0, 0
30, 7650, 0, 0
30, 7700, 26, 0
31, 7750, 0, 4077.170243840001
31, 7800, 0, 0
31, 7850, 0, 0
31, 7900, 0, 0
31, 7950, 0, 0
32, 8000, 0, 3669.656000000001
32, 8050, 0, 0
32, 8100, 0, 0
32, 8150, 0, 0
32, 8200, 0, 0
33, 8250, 0, 4394.648
33, 8300, 0, 0
33, 8350, 0, 0
33, 8400, 0, 0
33, 8450, 0, 0
34, 8500, 0, 4543.000000000001
34, 8550, 0, 0
34, 8600, 0, 0
34, 8650, 0, 0
34, 8700, 0, 0
35, 8750, 0, 4496.198511680001
35, 8800, 0, 0
35, 8850, 0, 0
35, 8900, 0, 0
35, 8950, 26.75, 0
36, 9000, 0, 4915.8442275200005
36, 9050, 0, 0
36, 9100, 0, 0
36, 9150, 0, 0
36, 9200, 0, 0
37, 9250, 0, 4891.420557119999
37, 9300, 0, 0
37, 9350, 0, 0
37, 9400, 0, 0
37, 9450, 0, 0
38, 9500, 0, 4477.111999999999
38, 9550, 0, 0
38, 9600, 0, 0
38, 9650, 0, 0
38, 9700, 0, 0
39, 9750, 0, 4259.86406464
39, 9800, 0, 0
39, 9850, 0, 0
39, 9900, 0, 0
39, 9950, 26.88888888888889, 0
40, 10000, 0, 5591.205632960003
40, 10050, 0, 0
40, 10100, 0, 0
40, 10150, 0, 0
40, 10200, 0, 0
41, 10250, 0, 3977.752000000001
41, 10300, 0, 0
41, 10350, 0, 0
41, 10400, 0, 0
41, 10450, 0, 0
42, 10500, 0, 3942.5519999999997
42, 10550, 0, 0
42, 10600, 0, 0
42, 10650, 0, 0
42, 10700, 0, 0
43, 10750, 0, 3532.344
43, 10800, 0, 0
43, 10850, 0, 0
43, 10900, 0, 0
43, 10950, 0, 0
44, 11000, 0, 4045.0159999999987
44, 11050, 0, 0
44, 11100, 0, 0
44, 11150, 0, 0
44, 11200, 0, 0
45, 11250, 0, 4189.368
45, 11300, 0, 0
45, 11350, 0, 0
45, 11400, 0, 0
45, 11450, 26, 0
46, 11500, 0, 4332.558262080001
46, 11550, 0, 0
46, 11600, 0, 0
46, 11650, 0, 0
46, 11700, 0, 0
47, 11750, 0, 4381.794336000001
47, 11800, 0, 0
47, 11850, 0, 0
47, 11900, 0, 0
47, 11950, 0, 0
48, 12000, 0, 3374.3919999999985
48, 12050, 0, 0
48, 12100, 0, 0
48, 12150, 0, 0
48, 12200, 0, 0
49, 12250, 0, 3578.712000000001
49, 12300, 0, 0
49, 12350, 26.5, 0
49, 12400, 26, 0
49, 12450, 0, 0
50, 12500, 0, 5197.735426879999
50, 12550, 0, 0
50, 12600, 0, 0
50, 12650, 0, 0
50, 12700, 0, 0
51, 12750, 0, 3867.2560000000003
51, 12800, 0, 0
51, 12850, 0, 0
51, 12900, 27.076923076923077, 0
51, 12950, 27.375, 0
52, 13000, 29, 5390.0026044800015
52, 13050, 0, 0
52, 13100, 0, 0
52, 13150, 0, 0
52, 13200, 0, 0
53, 13250, 0, 4628.12
53, 13300, 0, 0
53, 13350, 0, 0
53, 13400, 0, 0
53, 13450, 0, 0
54, 13500, 0, 4209.254350080002
54, 13550, 0, 0
54, 13600, 0, 0
54, 13650, 0, 0
54, 13700, 0, 0
55, 13750, 0, 4749.27403616
55, 13800, 0, 0
55, 13850, 0, 0
55, 13900, 0, 0
55, 13950, 0, 0
56, 14000, 0, 3766.8399999999992
56, 14050, 0, 0
56, 14100, 0, 0
56, 14150, 0, 0
56, 14200, 0, 0
57, 14250, 0, 4332.216
57, 14300, 0, 0
57, 14350, 0, 0
57, 14400, 0, 0
57, 14450, 0, 0
58, 14500, 0, 3757.6880000000006
58, 14550, 0, 0
58, 14600, 0, 0
58, 14650, 0, 0
58, 14700, 0, 0
59, 14750, 0, 3818.456000000001
59, 14800, 0, 0
59, 14850, 0, 0
59, 14900, 0, 0
59, 14950, 0, 0
60, 15000, 0, 4148.088
60, 15050, 0, 0
60, 15100, 0, 0
60, 15150, 0, 0
60, 15200, 0, 0
61, 15250, 0, 3128.247999999999
61, 15300, 0, 0
61, 15350, 0, 0
61, 15400, 0, 0
61, 15450, 0, 0
62, 15500, 0, 3526.968
62, 15550, 0, 0
62, 15600, 0, 0
62, 15650, 0, 0
62, 15700, 0, 0
63, 15750, 0, 3489.72
63, 15800, 0, 0
63, 15850, 0, 0
63, 15900, 0, 0
63, 15950, 0, 0
64, 16000, 0, 4048.2998089600005
64, 16050, 0, 0
64, 16100, 0, 0
64, 16150, 0, 0
64, 16200, 0, 0
65, 16250, 0, 4371.3325401600005
65, 16300, 0, 0
65, 16350, 0, 0
65, 16400, 0, 0
65, 16450, 0, 0
66, 16500, 0, 4327.000000000001
66, 16550, 0, 0
66, 16600, 0, 0
66, 16650, 0, 0
66, 16700, 0, 0
67, 16750, 0, 3264.5360000000005
67, 16800, 0, 0
67, 16850, 0, 0
67, 16900, 0, 0
67, 16950, 0, 0
68, 17000, 0, 4389.656
68, 17050, 0, 0
68, 17100, 0, 0
68, 17150, 0, 0
68, 17200, 0, 0
69, 17250, 0, 3824.0240000000003
69, 17300, 0, 0
69, 17350, 0, 0
69, 17400, 0, 0
69, 17450, 0, 0
70, 17500, 0, 3921.4640000000013
70, 17550, 0, 0
70, 17600, 0, 0
70, 17650, 0, 0
70, 17700, 0, 0
71, 17750, 0, 3869.368
71, 17800, 0, 0
71, 17850, 0, 0
71, 17900, 0, 0
71, 17950, 0, 0
72, 18000, 0, 3559.735999999999
72, 18050, 0, 0
72, 18100, 0, 0
72, 18150, 0, 0
72, 18200, 0, 0
73, 18250, 0, 3864.408
73, 18300, 0, 0
73, 18350, 0, 0
73, 18400, 0, 0
73, 18450, 0, 0
74, 18500, 0, 3743.672
74, 18550, 0, 0
74, 18600, 0, 0
74, 18650, 0, 0
74, 18700, 0, 0
75, 18750, 0, 4659.800000000001
75, 18800, 0, 0
75, 18850, 0, 0
75, 18900, 0, 0
75, 18950, 0, 0
76, 19000, 0, 3421.3999999999996
76, 19050, 0, 0
76, 19100, 0, 0
76, 19150, 0, 0
76, 19200, 0, 0
77, 19250, 0, 3978.616
77, 19300, 0, 0
77, 19350, 0, 0
77, 19400, 0, 0
77, 19450, 0, 0
78, 19500, 0, 3853.336000000001
78, 19550, 0, 0
78, 19600, 0, 0
78, 19650, 0, 0
78, 19700, 0, 0
79, 19750, 0, 3886.3919999999994
79, 19800, 0, 0
79, 19850, 0, 0
79, 19900, 0, 0
79, 19950, 0, 0
80, 20000, 0, 4184.151999999999
80, 20050, 0, 0
80, 20100, 0, 0
80, 20150, 0, 0
80, 20200, 0, 0
81, 20250, 0, 4479.704
81, 20300, 0, 0
81, 20350, 0, 0
81, 20400, 0, 0
81, 20450, 0, 0
82, 20500, 0, 3757.1119999999996
82, 20550, 0, 0
82, 20600, 0, 0
82, 20650, 0, 0
82, 20700, 0, 0
83, 20750, 0, 4417.016000000001
83, 20800, 0, 0
83, 20850, 0, 0
83, 20900, 0, 0
83, 20950, 0, 0
84, 21000, 0, 4287.64
84, 21050, 0, 0
84, 21100, 0, 0
84, 21150, 0, 0
84, 21200, 0, 0
85, 21250, 0, 4113.5349488
85, 21300, 0, 0
85, 21350, 0, 0
85, 21400, 0, 0
85, 21450, 0, 0
86, 21500, 0, 3599.992
86, 21550, 0, 0
86, 21600, 0, 0
86, 21650, 0, 0
86, 21700, 0, 0
87, 21750, 0, 4541.873041600001
87, 21800, 0, 0
87, 21850, 0, 0
87, 21900, 0, 0
87, 21950, 0, 0
88, 22000, 0, 3783.736
88, 22050, 0, 0
88, 22100, 0, 0
88, 22150, 0, 0
88, 22200, 0, 0
89, 22250, 0, 3869.8164524799986
89, 22300, 0, 0
89, 22350, 0, 0
89, 22400, 0, 0
89, 22450, 0, 0
90, 22500, 0, 3738.5840000000003
90, 22550, 0, 0
90, 22600, 0, 0
90, 22650, 0, 0
90, 22700, 0, 0
91, 22750, 0, 3783.256
91, 22800, 0, 0
91, 22850, 0, 0
91, 22900, 0, 0
91, 22950, 26.375, 0
92, 23000, 26, 5276.820067520003
92, 23050, 0, 0
92, 23100, 0, 0
92, 23150, 0, 0
92, 23200, 0, 0
93, 23250, 0, 3847.1600000000008
93, 23300, 0, 0
93, 23350, 0, 0
93, 23400, 0, 0
93, 23450, 0, 0
94, 23500, 0, 3604.8879999999995
94, 23550, 0, 0
94, 23600, 0, 0
94, 23650, 0, 0
94, 23700, 0, 0
95, 23750, 0, 3600.472
95, 23800, 0, 0
95, 23850, 0, 0
95, 23900, 0, 0
95, 23950, 0, 0
96, 24000, 0, 4270.7119999999995
96, 24050, 0, 0
96, 24100, 0, 0
96, 24150, 0, 0
96, 24200, 0, 0
97, 24250, 0, 3865.687999999999
97, 24300, 0, 0
97, 24350, 0, 0
97, 24400, 0, 0
97, 24450, 0, 0
98, 24500, 0, 5272.472000000001
98, 24550, 0, 0
98, 24600, 0, 0
98, 24650, 0, 0
98, 24700, 0, 0
99, 24750, 0, 3903.96
99, 24800, 0, 0
99, 24850, 0, 0
99, 24900, 0, 0
99, 24950, 0, 0
100, 25000, 0, 3398.2960000000003
100, 25050, 0, 0
100, 25100, 0, 0
100, 25150, 0, 0
100, 25200, 0, 0
101, 25250, 0, 4218.648
101, 25300, 0, 0
101, 25350, 0, 0
101, 25400, 0, 0
101, 25450, 0, 0
102, 25500, 0, 3556.248000000001
102, 25550, 0, 0
102, 25600, 0, 0
102, 25650, 0, 0
102, 25700, 0, 0
103, 25750, 0, 4856.4079999999985
103, 25800, 0, 0
103, 25850, 0, 0
103, 25900, 0, 0
103, 25950, 26, 0
104, 26000, 0, 4366.687252800002
104, 26050, 0, 0
104, 26100, 0, 0
104, 26150, 0, 0
104, 26200, 0, 0
105, 26250, 0, 4144.120000000001
105, 26300, 0, 0
105, 26350, 0, 0
105, 26400, 0, 0
105, 26450, 27, 0
106, 26500, 27.5, 5381.50875104
106, 26550, 0, 0
106, 26600, 0, 0
106, 26650, 0, 0
106, 26700, 0, 0
107, 26750, 0, 3798.423999999999
107, 26800, 0, 0
107, 26850, 0, 0
107, 26900, 0, 0
107, 26950, 0, 0
108, 27000, 0, 4164.376000000001
108, 27050, 0, 0
108, 27100, 0, 0
108, 27150, 0, 0
108, 27200, 0, 0
109, 27250, 0, 4113.656
109, 27300, 0, 0
109, 27350, 0, 0
109, 27400, 0, 0
109, 27450, 0, 0
110, 27500, 0, 4441.24358752
110, 27550, 0, 0
110, 27600, 0, 0
110, 27650, 0, 0
110, 27700, 0, 0
111, 27750, 0, 3678.3920000000003
111, 27800, 0, 0
111, 27850, 0, 0
111, 27900, 0, 0
111, 27950, 0, 0
112, 28000, 0, 5007.639150080001
112, 28050, 0, 0
112, 28100, 0, 0
112, 28150, 0, 0
112, 28200, 0, 0
113, 28250, 0, 4446.1359999999995
113, 28300, 0, 0
113, 28350, 0, 0
113, 28400, 0, 0
113, 28450, 0, 0
114, 28500, 0, 4496.280000000002
114, 28550, 0, 0
114, 28600, 0, 0
114, 28650, 0, 0
114, 28700, 0, 0
115, 28750, 0, 4268.183999999999
115, 28800, 0, 0
115, 28850, 0, 0
115, 28900, 0, 0
115, 28950, 0, 0
116, 29000, 0, 4683.159999999998
116, 29050, 0, 0
116, 29100, 0, 0
116, 29150, 26.307692307692307, 0
116, 29200, 27.952380952380953, 0
117, 29250, 26.5, 5741.274049279999
117, 29300, 0, 0
117, 29350, 0, 0
117, 29400, 0, 0
117, 29450, 26.833333333333332, 0
118, 29500, 26, 4729.4388716799995
118, 29550, 0, 0
118, 29600, 0, 0
118, 29650, 0, 0
118, 29700, 0, 0
119, 29750, 0, 4440.727999999999
119, 29800, 0, 0
119, 29850, 0, 0
119, 29900, 0, 0
119, 29950, 0, 0
120, 30000, 0, 4738.4257776
120, 30050, 0, 0
120, 30100, 0, 0
120, 30150, 0, 0
120, 30200, 0, 0
121, 30250, 0, 3781.0800000000004
121, 30300, 0, 0
121, 30350, 0, 0
121, 30400, 0, 0
121, 30450, 0, 0
122, 30500, 0, 4154.712
122, 30550, 0, 0
122, 30600, 0, 0
122, 30650, 0, 0
122, 30700, 0, 0
123, 30750, 0, 3776.7279999999987
123, 30800, 0, 0
123, 30850, 0, 0
123, 30900, 27.384615384615383, 0
123, 30950, 27.6875, 0
124, 31000, 26, 5890.340138880001
124, 31050, 0, 0
124, 31100, 0, 0
124, 31150, 26, 0
124, 31200, 0, 0
125, 31250, 0, 4464.236213120001
125, 31300, 0, 0
125, 31350, 29, 0
125, 31400, 0, 0
125, 31450, 26.2, 0
126, 31500, 29.875, 6334.842053440004
126, 31550, 0, 0
126, 31600, 0, 0
126, 31650, 0, 0
126, 31700, 0, 0
127, 31750, 0, 4520.663999999999
127, 31800, 0, 0
127, 31850, 0, 0
127, 31900, 0, 0
127, 31950, 0, 0
128, 32000, 0, 3890.167999999999
128, 32050, 0, 0
128, 32100, 0, 0
128, 32150, 0, 0
128, 32200, 0, 0
129, 32250, 0, 5237.912
129, 32300, 0, 0
129, 32350, 0, 0
129, 32400, 0, 0
129, 32450, 0, 0
130, 32500, 0, 4952.03753888
130, 32550, 0, 0
130, 32600, 0, 0
130, 32650, 0, 0
130, 32700, 0, 0
131, 32750, 0, 3440.311999999999
131, 32800, 0, 0
131, 32850, 0, 0
131, 32900, 0, 0
131, 32950, 0, 0
132, 33000, 0, 3929.3680000000004
132, 33050, 0, 0
132, 33100, 0, 0
132, 33150, 0, 0
132, 33200, 0, 0
133, 33250, 0, 3975.928
133, 33300, 0, 0
133, 33350, 0, 0
133, 33400, 0, 0
133, 33450, 0, 0
134, 33500, 0, 4198.456000000001
134, 33550, 0, 0
134, 33600, 0, 0
134, 33650, 0, 0
134, 33700, 0, 0
135, 33750, 0, 5020.154579520003
135, 33800, 0, 0
135, 33850, 0, 0
135, 33900, 0, 0
135, 33950, 0, 0
136, 34000, 0, 4014.776
136, 34050, 0, 0
136, 34100, 0, 0
136, 34150, 0, 0
136, 34200, 0, 0
137, 34250, 0, 4214.104
137, 34300, 0, 0
137, 34350, 0, 0
137, 34400, 0, 0
137, 34450, 0, 0
138, 34500, 0, 3906.488000000001
138, 34550, 0, 0
138, 34600, 0, 0
138, 34650, 0, 0
138, 34700, 0, 0
139, 34750, 0, 4143.330697919999
139, 34800, 0, 0
139, 34850, 0, 0
139, 34900, 26.333333333333332, 0
139, 34950, 26.25, 0
140, 35000, 28.5, 5569.454852160001
140, 35050, 0, 0
140, 35100, 0, 0
140, 35150, 0, 0
140, 35200, 26.25, 0
141, 35250, 27.666666666666668, 4982.801336000001
141, 35300, 0, 0
141, 35350, 0, 0
141, 35400, 0, 0
141, 35450, 26.8, 0
142, 35500, 0, 4861.0943472
142, 35550, 0, 0
142, 35600, 0, 0
142, 35650, 0, 0
142, 35700, 26.384615384615383, 0
143, 35750, 26.5, 5508.373004800003
143, 35800, 0, 0
143, 35850, 0, 0
143, 35900, 0, 0
143, 35950, 0, 0
144, 36000, 30.083333333333332, 5614.717979520001
144, 36050, 0, 0
144, 36100, 0, 0
144, 36150, 0, 0
144, 36200, 0, 0
145, 36250, 27, 4884.310607040001
145, 36300, 0, 0
145, 36350, 0, 0
145, 36400, 0, 0
145, 36450, 0, 0
146, 36500, 0, 4437.144
146, 36550, 0, 0
146, 36600, 0, 0
146, 36650, 0, 0
146, 36700, 0, 0
147, 36750, 28.333333333333332, 4510.69425376
147, 36800, 0, 0
147, 36850, 0, 0
147, 36900, 0, 0
147, 36950, 0, 0
148, 37000, 0, 4585.911999999999
148, 37050, 0, 0
148, 37100, 0, 0
148, 37150, 0, 0
148, 37200, 0, 0
149, 37250, 0, 4401.336000000001
149, 37300, 0, 0
149, 37350, 0, 0
149, 37400, 0, 0
149, 37450, 0, 0
150, 37500, 26, 6008.307203840002
150, 37550, 0, 0
150, 37600, 0, 0
150, 37650, 0, 0
150, 37700, 0, 0
151, 37750, 27.333333333333332, 4451.079171200002
151, 37800, 0, 0
151, 37850, 0, 0
151, 37900, 0, 0
151, 37950, 0, 0
152, 38000, 0, 4635.223999999999
152, 38050, 0, 0
152, 38100, 0, 0
152, 38150, 0, 0
152, 38200, 0, 0
153, 38250, 0, 4166.487999999999
153, 38300, 0, 0
153, 38350, 0, 0
153, 38400, 26, 0
153, 38450, 30.56, 0
154, 38500, 29.857142857142858, 5772.846778880003
154, 38550, 0, 0
154, 38600, 0, 0
154, 38650, 26, 0
154, 38700, 26, 0
155, 38750, 27, 5153.775891840004
155, 38800, 0, 0
155, 38850, 0, 0
155, 38900, 0, 0
155, 38950, 0, 0
156, 39000, 0, 4970.263999999999
156, 39050, 0, 0
156, 39100, 0, 0
156, 39150, 0, 0
156, 39200, 0, 0
157, 39250, 0, 3708.1520000000005
157, 39300, 0, 0
157, 39350, 0, 0
157, 39400, 0, 0
157, 39450, 0, 0
158, 39500, 0, 4571.992
158, 39550, 0, 0
158, 39600, 0, 0
158, 39650, 0, 0
158, 39700, 0, 0
159, 39750, 0, 4603.799999999999
159, 39800, 0, 0
159, 39850, 26.75, 0
159, 39900, 26.25, 0
159, 39950, 28.307692307692307, 0
160, 40000, 28.166666666666668, 5916.640497920001
160, 40050, 0, 0
160, 40100, 0, 0
160, 40150, 0, 0
160, 40200, 0, 0
161, 40250, 0, 3893.0480000000007
161, 40300, 0, 0
161, 40350, 0, 0
161, 40400, 0, 0
161, 40450, 0, 0
162, 40500, 0, 4452.355764480002
162, 40550, 0, 0
162, 40600, 0, 0
162, 40650, 0, 0
162, 40700, 0, 0
163, 40750, 0, 4106.007999999999
163, 40800, 0, 0
163, 40850, 0, 0
163, 40900, 26.2, 0
163, 40950, 0, 0
164, 41000, 26, 5149.810994560001
164, 41050, 0, 0
164, 41100, 0, 0
164, 41150, 0, 0
164, 41200, 0, 0
165, 41250, 27, 5328.038499200002
165, 41300, 0, 0
165, 41350, 0, 0
165, 41400, 0, 0
165, 41450, 0, 0
166, 41500, 0, 4797.316408
166, 41550, 0, 0
166, 41600, 27.473684210526315, 0
166, 41650, 30.347826086956523, 0
166, 41700, 29.964285714285715, 0
167, 41750, 28.428571428571427, 7012.401486720001
167, 41800, 0, 0
167, 41850, 0, 0
167, 41900, 0, 0
167, 41950, 0, 0
168, 42000, 0, 5832.2480000000005
168, 42050, 0, 0
168, 42100, 0, 0
168, 42150, 0, 0
168, 42200, 26, 0
169, 42250, 27.75, 4838.597813760001
169, 42300, 0, 0
169, 42350, 0, 0
169, 42400, 0, 0
169, 42450, 0, 0
170, 42500, 0, 3677.9439999999986
170, 42550, 0, 0
170, 42600, 0, 0
170, 42650, 0, 0
170, 42700, 0, 0
171, 42750, 0, 4094.264
171, 42800, 0, 0
171, 42850, 0, 0
171, 42900, 0, 0
171, 42950, 0, 0
172, 43000, 0, 4710.488000000001
172, 43050, 0, 0
172, 43100, 0, 0
172, 43150, 0, 0
172, 43200, 0, 0
173, 43250, 0, 4128.119999999999
173, 43300, 0, 0
173, 43350, 0, 0
173, 43400, 0, 0
173, 43450, 0, 0
174, 43500, 27.333333333333332, 5267.089177920002
174, 43550, 0, 0
174, 43600, 0, 0
174, 43650, 0, 0
174, 43700, 0, 0
175, 43750, 0, 6186.4974924800035
175, 43800, 0, 0
175, 43850, 0, 0
175, 43900, 0, 0
175, 43950, 26, 0
176, 44000, 0, 5721.597614080001
176, 44050, 0, 0
176, 44100, 0, 0
176, 44150, 0, 0
176, 44200, 0, 0
177, 44250, 0, 4647.447999999999
177, 44300, 0, 0
177, 44350, 0, 0
177, 44400, 0, 0
177, 44450, 0, 0
178, 44500, 0, 4509.432
178, 44550, 0, 0
178, 44600, 0, 0
178, 44650, 0, 0
178, 44700, 0, 0
179, 44750, 0, 4533.624000000001
179, 44800, 0, 0
179, 44850, 0, 0
179, 44900, 0, 0
179, 44950, 0, 0
180, 45000, 0, 5349.882068479998
180, 45050, 0, 0
180, 45100, 0, 0
180, 45150, 0, 0
180, 45200, 0, 0
181, 45250, 0, 5177.208
181, 45300, 0, 0
181, 45350, 0, 0
181, 45400, 0, 0
181, 45450, 0, 0
182, 45500, 0, 5016.730165440001
182, 45550, 0, 0
182, 45600, 0, 0
182, 45650, 0, 0
182, 45700, 0, 0
183, 45750, 0, 4174.551999999999
183, 45800, 29, 0
183, 45850, 33.4375, 0
183, 45900, 38.63414634146341, 0
183, 45950, 41, 0
184, 46000, 34.666666666666664, 11349.852081920004
184, 46050, 0, 0
184, 46100, 0, 0
184, 46150, 0, 0
184, 46200, 0, 0
185, 46250, 0, 4492.248
185, 46300, 0, 0
185, 46350, 0, 0
185, 46400, 0, 0
185, 46450, 0, 0
186, 46500, 0, 4721.117591359999
186, 46550, 0, 0
186, 46600, 0, 0
186, 46650, 0, 0
186, 46700, 26.5, 0
187, 46750, 0, 4784.125717440002
187, 46800, 0, 0
187, 46850, 26.666666666666668, 0
187, 46900, 27, 0
187, 46950, 0, 0
188, 47000, 26, 5112.555325120002
188, 47050, 0, 0
188, 47100, 0, 0
188, 47150, 0, 0
188, 47200, 0, 0
189, 47250, 0, 3928.9201939200007
189, 47300, 0, 0
189, 47350, 0, 0
189, 47400, 0, 0
189, 47450, 0, 0
190, 47500, 0, 5547.114445120003
190, 47550, 0, 0
190, 47600, 0, 0
190, 47650, 0, 0
190, 47700, 0, 0
191, 47750, 0, 4570.551999999999
191, 47800, 0, 0
191, 47850, 0, 0
191, 47900, 0, 0
191, 47950, 0, 0
192, 48000, 0, 4926.456
192, 48050, 0, 0
192, 48100, 0, 0
192, 48150, 0, 0
192, 48200, 0, 0
193, 48250, 0, 4216.8240000000005
193, 48300, 0, 0
193, 48350, 0, 0
193, 48400, 0, 0
193, 48450, 0, 0
194, 48500, 0, 4335.416
194, 48550, 0, 0
194, 48600, 0, 0
194, 48650, 0, 0
194, 48700, 0, 0
195, 48750, 0, 3462.1680000000006
195, 48800, 0, 0
195, 48850, 0, 0
195, 48900, 0, 0
195, 48950, 0, 0
196, 49000, 0, 3778.903999999999
196, 49050, 0, 0
196, 49100, 0, 0
196, 49150, 0, 0
196, 49200, 0, 0
197, 49250, 0, 4479.799999999999
197, 49300, 0, 0
197, 49350, 0, 0
197, 49400, 0, 0
197, 49450, 0, 0
198, 49500, 26, 5134.99289984
198, 49550, 0, 0
198, 49600, 0, 0
198, 49650, 0, 0
198, 49700, 0, 0
199, 49750, 0, 4992.82558368
199, 49800, 0, 0
199, 49850, 0, 0
199, 49900, 0, 0
199, 49950, 0, 0
200, 50000, 0, 5450.200355519999
200, 50050, 0, 0
200, 50100, 0, 0
200, 50150, 0, 0
200, 50200, 0, 0
201, 50250, 0, 5246.94726688
201, 50300, 0, 0
201, 50350, 0, 0
201, 50400, 0, 0
201, 50450, 0, 0
202, 50500, 0, 5014.712
202, 50550, 0, 0
202, 50600, 0, 0
202, 50650, 0, 0
202, 50700, 0, 0
203, 50750, 0, 4631.191999999999
203, 50800, 0, 0
203, 50850, 0, 0
203, 50900, 0, 0
203, 50950, 0, 0
204, 51000, 0, 4890.787279680001
204, 51050, 0, 0
204, 51100, 0, 0
204, 51150, 0, 0
204, 51200, 0, 0
205, 51250, 0, 4767.511999999999
205, 51300, 0, 0
205, 51350, 0, 0
205, 51400, 0, 0
205, 51450, 26, 0
206, 51500, 0, 4625.014927040003
206, 51550, 0, 0
206, 51600, 0, 0
206, 51650, 27, 0
206, 51700, 29.40740740740741, 0
207, 51750, 30.416666666666668, 5757.683038079999
207, 51800, 0, 0
207, 51850, 0, 0
207, 51900, 0, 0
207, 51950, 0, 0
208, 52000, 0, 5134.392
208, 52050, 0, 0
208, 52100, 0, 0
208, 52150, 0, 0
208, 52200, 0, 0
209, 52250, 0, 4054.423999999999
209, 52300, 0, 0
209, 52350, 0, 0
209, 52400, 0, 0
209, 52450, 0, 0
210, 52500, 0, 4104.2480000000005
210, 52550, 0, 0
210, 52600, 0, 0
210, 52650, 0, 0
210, 52700, 0, 0
211, 52750, 0, 3925.111999999999
211, 52800, 0, 0
211, 52850, 0, 0
211, 52900, 28.666666666666668, 0
211, 52950, 27.875, 0
212, 53000, 27, 6563.39601216
212, 53050, 0, 0
212, 53100, 27.952380952380953, 0
212, 53150, 28.958333333333332, 0
212, 53200, 31.4, 0
213, 53250, 28.2, 7762.05377344
213, 53300, 0, 0
213, 53350, 0, 0
213, 53400, 0, 0
213, 53450, 0, 0
214, 53500, 27, 5056.044946880002
214, 53550, 0, 0
214, 53600, 0, 0
214, 53650, 0, 0
214, 53700, 26, 0
215, 53750, 0, 5494.8002950400005
215, 53800, 0, 0
215, 53850, 0, 0
215, 53900, 0, 0
215, 53950, 0, 0
216, 54000, 0, 4508.536
216, 54050, 0, 0
216, 54100, 0, 0
216, 54150, 0, 0
216, 54200, 0, 0
217, 54250, 0, 4797.373329600002
217, 54300, 0, 0
217, 54350, 0, 0
217, 54400, 0, 0
217, 54450, 0, 0
218, 54500, 0, 4995.960000000001
218, 54550, 0, 0
218, 54600, 0, 0
218, 54650, 0, 0
218, 54700, 26, 0
219, 54750, 0, 4262.048306240001
219, 54800, 0, 0
219, 54850, 0, 0
219, 54900, 0, 0
219, 54950, 0, 0
220, 55000, 26.333333333333332, 4663.490623680002
220, 55050, 0, 0
220, 55100, 26, 0
220, 55150, 27.615384615384617, 0
220, 55200, 27.0625, 0
221, 55250, 26, 6091.36148352
221, 55300, 0, 0
221, 55350, 27.833333333333332, 0
221, 55400, 30.3, 0
221, 55450, 32.63636363636363, 0
222, 55500, 29.6, 7142.799839680001
222, 55550, 0, 0
222, 55600, 0, 0
222, 55650, 0, 0
222, 55700, 28.615384615384617, 0
223, 55750, 28.666666666666668, 6081.909364160001
223, 55800, 0, 0
223, 55850, 0, 0
223, 55900, 0, 0
223, 55950, 0, 0
224, 56000, 0, 4629.912
224, 56050, 0, 0
224, 56100, 0, 0
224, 56150, 0, 0
224, 56200, 0, 0
225, 56250, 0, 4070.3920000000003
225, 56300, 0, 0
225, 56350, 0, 0
225, 56400, 26.333333333333332, 0
225, 56450, 29.23076923076923, 0
226, 56500, 27.666666666666668, 5773.817894720002
226, 56550, 0, 0
226, 56600, 0, 0
226, 56650, 0, 0
226, 56700, 0, 0
227, 56750, 0, 5152.280000000001
227, 56800, 0, 0
227, 56850, 0, 0
227, 56900, 0, 0
227, 56950, 0, 0
228, 57000, 0, 4342.936000000001
228, 57050, 0, 0
228, 57100, 0, 0
228, 57150, 0, 0
228, 57200, 0, 0
229, 57250, 0, 4977.787458240002
229, 57300, 0, 0
229, 57350, 0, 0
229, 57400, 0, 0
229, 57450, 0, 0
230, 57500, 28, 5315.844223680001
230, 57550, 0, 0
230, 57600, 0, 0
230, 57650, 0, 0
230, 57700, 0, 0
231, 57750, 0, 4704.472000000002
231, 57800, 0, 0
231, 57850, 29.5, 0
231, 57900, 36.38461538461539, 0
231, 57950, 36.28125, 0
232, 58000, 32.214285714285715, 9134.096717760001
232, 58050, 0, 0
232, 58100, 0, 0
232, 58150, 0, 0
232, 58200, 0, 0
233, 58250, 0, 3865.495999999999
233, 58300, 0, 0
233, 58350, 0, 0
233, 58400, 26.4, 0
233, 58450, 27.833333333333332, 0
234, 58500, 27.666666666666668, 6696.409369919998
234, 58550, 0, 0
234, 58600, 0, 0
234, 58650, 26, 0
234, 58700, 0, 0
235, 58750, 26, 5199.058541440001
235, 58800, 0, 0
235, 58850, 0, 0
235, 58900, 0, 0
235, 58950, 0, 0
236, 59000, 0, 3979.5760000000005
236, 59050, 0, 0
236, 59100, 26, 0
236, 59150, 26.375, 0
236, 59200, 26.555555555555557, 0
237, 59250, 0, 6285.993478080001
237, 59300, 0, 0
237, 59350, 0, 0
237, 59400, 0, 0
237, 59450, 0, 0
238, 59500, 0, 4872.82732896
238, 59550, 0, 0
238, 59600, 0, 0
238, 59650, 0, 0
238, 59700, 26, 0
239, 59750, 27, 6897.873972800003
239, 59800, 0, 0
239, 59850, 0, 0
239, 59900, 0, 0
239, 59950, 0, 0
240, 60000, 0, 4206.232
240, 60050, 0, 0
240, 60100, 0, 0
240, 60150, 0, 0
240, 60200, 0, 0
241, 60250, 0, 4612.728
241, 60300, 0, 0
241, 60350, 0, 0
241, 60400, 0, 0
241, 60450, 0, 0
242, 60500, 0, 4367.864
242, 60550, 0, 0
242, 60600, 0, 0
242, 60650, 0, 0
242, 60700, 0, 0
243, 60750, 0, 4540.824000000001
243, 60800, 0, 0
243, 60850, 0, 0
243, 60900, 0, 0
243, 60950, 0, 0
244, 61000, 0, 4471.512000000001
244, 61050, 0, 0
244, 61100, 0, 0
244, 61150, 0, 0
244, 61200, 0, 0
245, 61250, 0, 3570.968000000001
245, 61300, 0, 0
245, 61350, 0, 0
245, 61400, 0, 0
245, 61450, 0, 0
246, 61500, 0, 4346.744000000001
246, 61550, 0, 0
246, 61600, 0, 0
246, 61650, 0, 0
246, 61700, 0, 0
247, 61750, 0, 3680.408
247, 61800, 0, 0
247, 61850, 0, 0
247, 61900, 0, 0
247, 61950, 0, 0
248, 62000, 0, 4322.36
248, 62050, 0, 0
248, 62100, 0, 0
248, 62150, 0, 0
248, 62200, 0, 0
249, 62250, 0, 5113.592
249, 62300, 0, 0
249, 62350, 0, 0
249, 62400, 0, 0
249, 62450, 0, 0
250, 62500, 26, 5010.16948672
250, 62550, 0, 0
250, 62600, 0, 0
250, 62650, 0, 0
250, 62700, 0, 0
251, 62750, 0, 4311.863999999999
251, 62800, 0, 0
251, 62850, 0, 0
251, 62900, 0, 0
251, 62950, 0, 0
252, 63000, 0, 5503.493186560001
252, 63050, 0, 0
252, 63100, 27.5, 0
252, 63150, 28, 0
252, 63200, 28.5, 0
253, 63250, 30.166666666666668, 6383.454094720004
253, 63300, 0, 0
253, 63350, 0, 0
253, 63400, 0, 0
253, 63450, 0, 0
254, 63500, 27, 5030.903376320001
254, 63550, 0, 0
254, 63600, 0, 0
254, 63650, 0, 0
254, 63700, 0, 0
255, 63750, 0, 5418.392000000001
255, 63800, 0, 0
255, 63850, 0, 0
255, 63900, 0, 0
255, 63950, 0, 0
256, 64000, 26, 5101.791950720001
256, 64050, 0, 0
256, 64100, 0, 0
256, 64150, 0, 0
256, 64200, 0, 0
257, 64250, 0, 5068.60025856
257, 64300, 0, 0
257, 64350, 0, 0
257, 64400, 0, 0
257, 64450, 0, 0
258, 64500, 0, 4988.664000000001
258, 64550, 0, 0
258, 64600, 0, 0
258, 64650, 0, 0
258, 64700, 0, 0
259, 64750, 0, 4891.96
259, 64800, 0, 0
259, 64850, 0, 0
259, 64900, 26.444444444444443, 0
259, 64950, 0, 0
260, 65000, 26, 5913.0969648000055
260, 65050, 0, 0
260, 65100, 0, 0
260, 65150, 26, 0
260, 65200, 0, 0
261, 65250, 26, 4629.532259840001
261, 65300, 0, 0
261, 65350, 0, 0
261, 65400, 0, 0
261, 65450, 0, 0
262, 65500, 0, 4233.816
262, 65550, 0, 0
262, 65600, 0, 0
262, 65650, 26.375, 0
262, 65700, 32.911764705882355, 0
263, 65750, 29.785714285714285, 7261.2339132800025
263, 65800, 0, 0
263, 65850, 0, 0
263, 65900, 0, 0
263, 65950, 0, 0
264, 66000, 0, 4508.279999999998
264, 66050, 0, 0
264, 66100, 0, 0
264, 66150, 0, 0
264, 66200, 0, 0
265, 66250, 0, 4179.608
265, 66300, 0, 0
265, 66350, 29.933333333333334, 0
265, 66400, 32.0625, 0
265, 66450, 31.166666666666668, 0
266, 66500, 29.333333333333332, 7868.8653862400015
266, 66550, 0, 0
266, 66600, 0, 0
266, 66650, 0, 0
266, 66700, 27.333333333333332, 0
267, 66750, 30.09090909090909, 5927.740370880001
267, 66800, 0, 0
267, 66850, 0, 0
267, 66900, 0, 0
267, 66950, 26, 0
268, 67000, 0, 6580.305611200001
268, 67050, 0, 0
268, 67100, 0, 0
268, 67150, 0, 0
268, 67200, 0, 0
269, 67250, 0, 5078.776
269, 67300, 0, 0
269, 67350, 0, 0
269, 67400, 0, 0
269, 67450, 0, 0
270, 67500, 0, 5602.193629760001
270, 67550, 0, 0
270, 67600, 0, 0
270, 67650, 0, 0
270, 67700, 0, 0
271, 67750, 0, 4314.36
271, 67800, 0, 0
271, 67850, 0, 0
271, 67900, 0, 0
271, 67950, 0, 0
272, 68000, 0, 4074.552
272, 68050, 0, 0
272, 68100, 0, 0
272, 68150, 0, 0
272, 68200, 0, 0
273, 68250, 0, 5109.1759999999995
273, 68300, 0, 0
273, 68350, 0, 0
273, 68400, 0, 0
273, 68450, 0, 0
274, 68500, 0, 4768.600000000001
274, 68550, 0, 0
274, 68600, 0, 0
274, 68650, 0, 0
274, 68700, 0, 0
275, 68750, 0, 4015.544000000001
275, 68800, 0, 0
275, 68850, 0, 0
275, 68900, 0, 0
275, 68950, 0, 0
276, 69000, 0, 4253.688000000002
276, 69050, 0, 0
276, 69100, 0, 0
276, 69150, 0, 0
276, 69200, 0, 0
277, 69250, 0, 4736.7919999999995
277, 69300, 0, 0
277, 69350, 0, 0
277, 69400, 0, 0
277, 69450, 0, 0
278, 69500, 0, 5150.37383296
278, 69550, 0, 0
278, 69600, 28.842105263157894, 0
278, 69650, 32.516129032258064, 0
278, 69700, 34.91428571428571, 0
279, 69750, 32.11764705882353, 9634.345509440001
279, 69800, 0, 0
279, 69850, 0, 0
279, 69900, 27, 0
279, 69950, 28.238095238095237, 0
280, 70000, 0, 6295.29735296
280, 70050, 0, 0
280, 70100, 0, 0
280, 70150, 0, 0
280, 70200, 0, 0
281, 70250, 0, 4793.16413216
281, 70300, 0, 0
281, 70350, 0, 0
281, 70400, 0, 0
281, 70450, 0, 0
282, 70500, 0, 5025.784000000001
282, 70550, 0, 0
282, 70600, 0, 0
282, 70650, 26.5, 0
282, 70700, 26.944444444444443, 0
283, 70750, 26, 5914.60364
283, 70800, 27.714285714285715, 0
283, 70850, 29.24, 0
283, 70900, 28.952380952380953, 0
283, 70950, 26.333333333333332, 0
284, 71000, 0, 6666.0852448000005
284, 71050, 0, 0
284, 71100, 0, 0
284, 71150, 0, 0
284, 71200, 0, 0
285, 71250, 0, 4068.344000000001
285, 71300, 0, 0
285, 71350, 0, 0
285, 71400, 26.5, 0
285, 71450, 29.8, 0
286, 71500, 28, 5140.844430400001
286, 71550, 0, 0
286, 71600, 26.714285714285715, 0
286, 71650, 0, 0
286, 71700, 0, 0
287, 71750, 0, 6482.422361920006
287, 71800, 0, 0
287, 71850, 0, 0
287, 71900, 0, 0
287, 71950, 0, 0
288, 72000, 0, 5197.688
288, 72050, 0, 0
288, 72100, 28.47826086956522, 0
288, 72150, 28.8, 0
288, 72200, 29.482758620689655, 0
289, 72250, 27.625, 7941.67107648
289, 72300, 0, 0
289, 72350, 0, 0
289, 72400, 0, 0
289, 72450, 0, 0
290, 72500, 0, 4484.696
290, 72550, 0, 0
290, 72600, 0, 0
290, 72650, 0, 0
290, 72700, 0, 0
291, 72750, 0, 4811.868104640001
291, 72800, 0, 0
291, 72850, 0, 0
291, 72900, 0, 0
291, 72950, 0, 0
292, 73000, 0, 4900.408000000001
292, 73050, 0, 0
292, 73100, 0, 0
292, 73150, 0, 0
292, 73200, 0, 0
293, 73250, 0, 5329.56
293, 73300, 0, 0
293, 73350, 0, 0
293, 73400, 0, 0
293, 73450, 26.75, 0
294, 73500, 0, 4940.805429440003
294, 73550, 0, 0
294, 73600, 0, 0
294, 73650, 0, 0
294, 73700, 29.541666666666668, 0
295, 73750, 29.714285714285715, 6187.555384960001
295, 73800, 0, 0
295, 73850, 0, 0
295, 73900, 0, 0
295, 73950, 0, 0
296, 74000, 0, 5171.675393600001
296, 74050, 0, 0
296, 74100, 0, 0
296, 74150, 0, 0
296, 74200, 0, 0
297, 74250, 0, 4825.943999999999
297, 74300, 0, 0
297, 74350, 0, 0
297, 74400, 27.26086956521739, 0
297, 74450, 26.571428571428573, 0
298, 74500, 26.5, 6396.526146880003
298, 74550, 0, 0
298, 74600, 0, 0
298, 74650, 0, 0
298, 74700, 0, 0
299, 74750, 0, 4499.92997152
299, 74800, 0, 0
299, 74850, 0, 0
299, 74900, 0, 0
299, 74950, 0, 0
300, 75000, 0, 5285.440496959999
300, 75050, 0, 0
300, 75100, 0, 0
300, 75150, 26, 0
300, 75200, 30.448275862068964, 0
301, 75250, 27.25, 5786.079766719998
301, 75300, 0, 0
301, 75350, 0, 0
301, 75400, 0, 0
301, 75450, 0, 0
302, 75500, 0, 4898.168
302, 75550, 0, 0
302, 75600, 0, 0
302, 75650, 0, 0
302, 75700, 0, 0
303, 75750, 0, 4808.568000000002
303, 75800, 0, 0
303, 75850, 0, 0
303, 75900, 0, 0
303, 75950, 0, 0
304, 76000, 0, 4265.851975360002
304, 76050, 0, 0
304, 76100, 0, 0
304, 76150, 0, 0
304, 76200, 0, 0
305, 76250, 29.875, 4782.665618240002
305, 76300, 0, 0
305, 76350, 0, 0
305, 76400, 0, 0
305, 76450, 0, 0
306, 76500, 0, 4253.688
306, 76550, 0, 0
306, 76600, 0, 0
306, 76650, 0, 0
306, 76700, 0, 0
307, 76750, 0, 4959.192000000001
307, 76800, 0, 0
307, 76850, 0, 0
307, 76900, 0, 0
307, 76950, 0, 0
308, 77000, 29, 5085.38306112
308, 77050, 0, 0
308, 77100, 0, 0
308, 77150, 0, 0
308, 77200, 0, 0
309, 77250, 0, 3962.2320000000013
309, 77300, 0, 0
309, 77350, 0, 0
309, 77400, 0, 0
309, 77450, 0, 0
310, 77500, 0, 5490.999217920002
310, 77550, 0, 0
310, 77600, 0, 0
310, 77650, 0, 0
310, 77700, 0, 0
311, 77750, 0, 5023.191999999999
311, 77800, 0, 0
311, 77850, 0, 0
311, 77900, 0, 0
311, 77950, 0, 0
312, 78000, 0, 4451.32
312, 78050, 0, 0
312, 78100, 0, 0
312, 78150, 0, 0
312, 78200, 26.5, 0
313, 78250, 0, 4998.114223040003
313, 78300, 0, 0
313, 78350, 0, 0
313, 78400, 0, 0
313, 78450, 0, 0
314, 78500, 0, 4618.168000000001
314, 78550, 0, 0
314, 78600, 0, 0
314, 78650, 27.2, 0
314, 78700, 35.05714285714286, 0
315, 78750, 30.125, 7135.131450559999
315, 78800, 0, 0
315, 78850, 26.166666666666668, 0
315, 78900, 0, 0
315, 78950, 0, 0
316, 79000, 0, 6301.627358400005
316, 79050, 0, 0
316, 79100, 26, 0
316, 79150, 0, 0
316, 79200, 0, 0
317, 79250, 0, 5830.629946240003
317, 79300, 0, 0
317, 79350, 0, 0
317, 79400, 0, 0
317, 79450, 0, 0
318, 79500, 0, 4879.612039999999
318, 79550, 0, 0
318, 79600, 0, 0
318, 79650, 0, 0
318, 79700, 0, 0
319, 79750, 0, 5251.891407360002
319, 79800, 0, 0
319, 79850, 0, 0
319, 79900, 0, 0
319, 79950, 26, 0
320, 80000, 26, 5547.91692768
320, 80050, 0, 0
320, 80100, 0, 0
320, 80150, 27.1875, 0
320, 80200, 29.615384615384617, 0
321, 80250, 27.666666666666668, 6501.7382768000025
321, 80300, 0, 0
321, 80350, 0, 0
321, 80400, 0, 0
321, 80450, 0, 0
322, 80500, 0, 5507.900650880003
322, 80550, 0, 0
322, 80600, 0, 0
322, 80650, 0, 0
322, 80700, 26, 0
323, 80750, 27, 5156.5953171200035
323, 80800, 0, 0
323, 80850, 0, 0
323, 80900, 0, 0
323, 80950, 26.266666666666666, 0
324, 81000, 26, 6030.61510912
324, 81050, 26.25, 0
324, 81100, 29.083333333333332, 0
324, 81150, 30.310344827586206, 0
324, 81200, 31.933333333333334, 0
325, 81250, 32.0625, 8413.761496640005
325, 81300, 0, 0
325, 81350, 26.666666666666668, 0
325, 81400, 26, 0
325, 81450, 27.2, 0
326, 81500, 27, 6658.13271744
326, 81550, 0, 0
326, 81600, 0, 0
326, 81650, 0, 0
326, 81700, 0, 0
327, 81750, 0, 5379.373816000002
327, 81800, 0, 0
327, 81850, 0, 0
327, 81900, 0, 0
327, 81950, 0, 0
328, 82000, 0, 5873.260911040001
328, 82050, 26, 0
328, 82100, 27.91304347826087, 0
328, 82150, 27.357142857142858, 0
328, 82200, 29.703703703703702, 0
329, 82250, 27.833333333333332, 7134.0106995199985
329, 82300, 0, 0
329, 82350, 0, 0
329, 82400, 0, 0
329, 82450, 27.785714285714285, 0
330, 82500, 29.3, 6303.2997632000015
330, 82550, 26.8, 0
330, 82600, 0, 0
330, 82650, 0, 0
330, 82700, 27.347826086956523, 0
331, 82750, 0, 6643.5053849600035
331, 82800, 0, 0
331, 82850, 0, 0
331, 82900, 0, 0
331, 82950, 0, 0
332, 83000, 0, 5396.340086080002
332, 83050, 0, 0
332, 83100, 26, 0
332, 83150, 0, 0
332, 83200, 0, 0
333, 83250, 26.333333333333332, 4888.856630400003
333, 83300, 0, 0
333, 83350, 0, 0
333, 83400, 30.571428571428573, 0
333, 83450, 29.423076923076923, 0
334, 83500, 29, 7026.243370559998
334, 83550, 0, 0
334, 83600, 0, 0
334, 83650, 0, 0
334, 83700, 0, 0
335, 83750, 0, 5160.087999999999
335, 83800, 0, 0
335, 83850, 0, 0
335, 83900, 0, 0
335, 83950, 0, 0
336, 84000, 27, 5378.43540928
336, 84050, 27, 0
336, 84100, 26, 0
336, 84150, 0, 0
336, 84200, 26.11111111111111, 0
337, 84250, 0, 5358.822464000002
337, 84300, 0, 0
337, 84350, 0, 0
337, 84400, 26.333333333333332, 0
337, 84450, 28.607142857142858, 0
338, 84500, 28, 5840.5767536
338, 84550, 0, 0
338, 84600, 0, 0
338, 84650, 0, 0
338, 84700, 0, 0
339, 84750, 0, 5503.32
339, 84800, 0, 0
339, 84850, 0, 0
339, 84900, 0, 0
339, 84950, 0, 0
340, 85000, 0, 4550.071999999999
340, 85050, 0, 0
340, 85100, 0, 0
340, 85150, 0, 0
340, 85200, 0, 0
341, 85250, 0, 4615.895999999999
341, 85300, 0, 0
341, 85350, 0, 0
341, 85400, 0, 0
341, 85450, 0, 0
342, 85500, 0, 3985.2399999999993
342, 85550, 0, 0
342, 85600, 26, 0
342, 85650, 27, 0
342, 85700, 33.15625, 0
343, 85750, 32.1, 7733.619255359999
343, 85800, 0, 0
343, 85850, 0, 0
343, 85900, 26.6, 0
343, 85950, 26.6, 0
344, 86000, 0, 6293.849909120002
344, 86050, 0, 0
344, 86100, 0, 0
344, 86150, 0, 0
344, 86200, 0, 0
345, 86250, 0, 3866.2960000000003
345, 86300, 0, 0
345, 86350, 0, 0
345, 86400, 0, 0
345, 86450, 26.5, 0
346, 86500, 29, 5286.216354239999
346, 86550, 26, 0
346, 86600, 29.73076923076923, 0
346, 86650, 0, 0
346, 86700, 26.833333333333332, 0
347, 86750, 27, 6604.8026518400075
347, 86800, 0, 0
347, 86850, 0, 0
347, 86900, 27.333333333333332, 0
347, 86950, 30.458333333333332, 0
348, 87000, 29.727272727272727, 6581.842558400002
348, 87050, 26, 0
348, 87100, 0, 0
348, 87150, 27.833333333333332, 0
348, 87200, 29.916666666666668, 0
349, 87250, 30, 6533.566606080002
349, 87300, 0, 0
349, 87350, 0, 0
349, 87400, 0, 0
349, 87450, 28, 0
350, 87500, 28, 5923.094023040001
350, 87550, 0, 0
350, 87600, 0, 0
350, 87650, 0, 0
350, 87700, 0, 0
351, 87750, 0, 4576.28
351, 87800, 0, 0
351, 87850, 0, 0
351, 87900, 0, 0
351, 87950, 0, 0
352, 88000, 0, 5590.477770880001
352, 88050, 0, 0
352, 88100, 0, 0
352, 88150, 0, 0
352, 88200, 0, 0
353, 88250, 0, 5823.5120000000015
353, 88300, 0, 0
353, 88350, 0, 0
353, 88400, 27.22222222222222, 0
353, 88450, 31.892857142857142, 0
354, 88500, 30.166666666666668, 6316.240706560002
354, 88550, 0, 0
354, 88600, 0, 0
354, 88650, 0, 0
354, 88700, 0, 0
355, 88750, 0, 5010.800430720002
355, 88800, 0, 0
355, 88850, 0, 0
355, 88900, 0, 0
355, 88950, 0, 0
356, 89000, 0, 4486.263999999999
356, 89050, 0, 0
356, 89100, 0, 0
356, 89150, 26.4, 0
356, 89200, 26.333333333333332, 0
357, 89250, 0, 5306.1340467200025
357, 89300, 0, 0
357, 89350, 0, 0
357, 89400, 0, 0
357, 89450, 0, 0
358, 89500, 0, 5209.368000000001
358, 89550, 0, 0
358, 89600, 0, 0
358, 89650, 0, 0
358, 89700, 0, 0
359, 89750, 0, 5153.432000000001
359, 89800, 0, 0
359, 89850, 0, 0
359, 89900, 0, 0
359, 89950, 0, 0
360, 90000, 0, 5796.312
360, 90050, 0, 0
360, 90100, 0, 0
360, 90150, 0, 0
360, 90200, 0, 0
361, 90250, 0, 5543.4271472
361, 90300, 0, 0
361, 90350, 0, 0
361, 90400, 0, 0
361, 90450, 0, 0
362, 90500, 0, 4909.21927968
362, 90550, 0, 0
362, 90600, 0, 0
362, 90650, 26, 0
362, 90700, 26, 0
363, 90750, 0, 5464.298368640003
363, 90800, 0, 0
363, 90850, 0, 0
363, 90900, 0, 0
363, 90950, 0, 0
364, 91000, 0, 5043.064
364, 91050, 0, 0
364, 91100, 0, 0
364, 91150, 26, 0
364, 91200, 26.818181818181817, 0
365, 91250, 0, 6051.991975040004
365, 91300, 27, 0
365, 91350, 28.454545454545453, 0
365, 91400, 28.214285714285715, 0
365, 91450, 39.578947368421055, 0
366, 91500, 31.363636363636363, 8914.46498272
366, 91550, 27.875, 0
366, 91600, 0, 0
366, 91650, 0, 0
366, 91700, 0, 0
367, 91750, 0, 5497.311720320005
367, 91800, 0, 0
367, 91850, 0, 0
367, 91900, 0, 0
367, 91950, 0, 0
368, 92000, 0, 5571.577131199999
368, 92050, 0, 0
368, 92100, 0, 0
368, 92150, 0, 0
368, 92200, 0, 0
369, 92250, 0, 4546.2
369, 92300, 0, 0
369, 92350, 0, 0
369, 92400, 0, 0
369, 92450, 0, 0
370, 92500, 0, 5120.5361616
370, 92550, 0, 0
370, 92600, 26.88888888888889, 0
370, 92650, 0, 0
370, 92700, 26, 0
371, 92750, 0, 6942.268381439999
371, 92800, 0, 0
371, 92850, 0, 0
371, 92900, 0, 0
371, 92950, 26.5, 0
372, 93000, 0, 5984.204875519999
372, 93050, 0, 0
372, 93100, 0, 0
372, 93150, 28.5, 0
372, 93200, 28.59259259259259, 0
373, 93250, 28.857142857142858, 7610.416188480004
373, 93300, 31.838709677419356, 0
373, 93350, 28.583333333333332, 0
373, 93400, 30.666666666666668, 0
373, 93450, 32.774193548387096, 0
374, 93500, 29.285714285714285, 8751.74790816
374, 93550, 27.416666666666668, 0
374, 93600, 26, 0
374, 93650, 26.88888888888889, 0
374, 93700, 27, 0
375, 93750, 0, 6197.027595520002
375, 93800, 0, 0
375, 93850, 26.666666666666668, 0
375, 93900, 28.25, 0
375, 93950, 27.636363636363637, 0
376, 94000, 28.333333333333332, 7403.114796160001
376, 94050, 0, 0
376, 94100, 28.066666666666666, 0
376, 94150, 31.413793103448278, 0
376, 94200, 31.791666666666668, 0
377, 94250, 30.285714285714285, 8350.81149184
377, 94300, 27.5, 0
377, 94350, 27, 0
377, 94400, 26, 0
377, 94450, 28.5, 0
378, 94500, 28, 6616.629762559999
378, 94550, 0, 0
378, 94600, 26, 0
378, 94650, 28, 0
378, 94700, 0, 0
379, 94750, 0, 6337.848738880005
379, 94800, 0, 0
379, 94850, 0, 0
379, 94900, 0, 0
379, 94950, 0, 0
380, 95000, 0, 5814.910984640002
380, 95050, 0, 0
380, 95100, 0, 0
380, 95150, 0, 0
380, 95200, 29.842105263157894, 0
381, 95250, 29, 6601.252212480001
381, 95300, 0, 0
381, 95350, 26, 0
381, 95400, 26.782608695652176, 0
381, 95450, 27.85, 0
382, 95500, 28, 7510.278082559999
382, 95550, 27.5, 0
382, 95600, 27.473684210526315, 0
382, 95650, 27.541666666666668, 0
382, 95700, 30.633333333333333, 0
383, 95750, 28.5, 7542.758062079999
383, 95800, 0, 0
383, 95850, 0, 0
383, 95900, 0, 0
383, 95950, 0, 0
384, 96000, 0, 5144.4400000000005
384, 96050, 0, 0
384, 96100, 0, 0
384, 96150, 26, 0
384, 96200, 26.375, 0
385, 96250, 0, 5215.695028160004
385, 96300, 0, 0
385, 96350, 0, 0
385, 96400, 0, 0
385, 96450, 0, 0
386, 96500, 0, 4575.768000000001
386, 96550, 0, 0
386, 96600, 0, 0
386, 96650, 26.285714285714285, 0
386, 96700, 0, 0
387, 96750, 0, 5466.5273535999995
387, 96800, 29.892857142857142, 0
387, 96850, 26.428571428571427, 0
387, 96900, 27.40909090909091, 0
387, 96950, 30.103448275862068, 0
388, 97000, 29.625, 8266.223621120002
388, 97050, 0, 0
388, 97100, 0, 0
388, 97150, 0, 0
388, 97200, 0, 0
389, 97250, 0, 4987.063999999999
389, 97300, 0, 0
389, 97350, 26, 0
389, 97400, 0, 0
389, 97450, 0, 0
390, 97500, 27.636363636363637, 5182.721295680002
390, 97550, 0, 0
390, 97600, 0, 0
390, 97650, 0, 0
390, 97700, 0, 0
391, 97750, 0, 4744.312
391, 97800, 0, 0
391, 97850, 0, 0
391, 97900, 0, 0
391, 97950, 26.333333333333332, 0
392, 98000, 0, 5465.784384960002
392, 98050, 0, 0
392, 98100, 0, 0
392, 98150, 0, 0
392, 98200, 26, 0
393, 98250, 0, 5501.703752960003
393, 98300, 0, 0
393, 98350, 0, 0
393, 98400, 0, 0
393, 98450, 0, 0
394, 98500, 0, 4774.6808015999995
394, 98550, 0, 0
394, 98600, 0, 0
394, 98650, 0, 0
394, 98700, 0, 0
395, 98750, 0, 5350.776
395, 98800, 0, 0
395, 98850, 0, 0
395, 98900, 0, 0
395, 98950, 0, 0
396, 99000, 0, 5236.312
396, 99050, 0, 0
396, 99100, 27.130434782608695, 0
396, 99150, 28, 0
396, 99200, 26.782608695652176, 0
397, 99250, 27.5, 6661.711059200003
397, 99300, 0, 0
397, 99350, 0, 0
397, 99400, 0, 0
397, 99450, 0, 0
398, 99500, 0, 5828.152000000001
398, 99550, 0, 0
398, 99600, 0, 0
398, 99650, 0, 0
398, 99700, 0, 0
399, 99750, 0, 4655.511999999998
399, 99800, 0, 0
399, 99850, 0, 0
399, 99900, 0, 0
399, 99950, 0, 0
400, 100000, 0, 4587.588928
400, 100050, 30.074074074074073, 0
400, 100100, 30.8, 0
400, 100150, 31.5, 0
400, 100200, 33.63636363636363, 0
401, 100250, 28.6, 8610.932983679995
401, 100300, 0, 0
401, 100350, 0, 0
401, 100400, 27.4, 0
401, 100450, 29.80952380952381, 0
402, 100500, 29.4, 6472.720765440001
402, 100550, 0, 0
402, 100600, 0, 0
402, 100650, 0, 0
402, 100700, 0, 0
403, 100750, 0, 4855.288
403, 100800, 0, 0
403, 100850, 0, 0
403, 100900, 0, 0
403, 100950, 0, 0
404, 101000, 0, 5385.1759999999995
404, 101050, 0, 0
404, 101100, 0, 0
404, 101150, 0, 0
404, 101200, 0, 0
405, 101250, 0, 5445.656000000001
405, 101300, 0, 0
405, 101350, 0, 0
405, 101400, 0, 0
405, 101450, 0, 0
406, 101500, 0, 5473.603182720002
406, 101550, 0, 0
406, 101600, 28.375, 0
406, 101650, 28.48, 0
406, 101700, 29.115384615384617, 0
407, 101750, 28, 7303.243333120003
407, 101800, 32.142857142857146, 0
407, 101850, 28.8, 0
407, 101900, 30.703703703703702, 0
407, 101950, 29.333333333333332, 0
408, 102000, 28.166666666666668, 8274.8766688
408, 102050, 0, 0
408, 102100, 0, 0
408, 102150, 0, 0
408, 102200, 0, 0
409, 102250, 0, 5643.3378083200005
409, 102300, 0, 0
409, 102350, 0, 0
409, 102400, 0, 0
409, 102450, 0, 0
410, 102500, 0, 4840.952000000001
410, 102550, 0, 0
410, 102600, 0, 0
410, 102650, 0, 0
410, 102700, 0, 0
411, 102750, 0, 5084.503999999999
411, 102800, 0, 0
411, 102850, 0, 0
411, 102900, 0, 0
411, 102950, 0, 0
412, 103000, 0, 5824.344000000001
412, 103050, 0, 0
412, 103100, 0, 0
412, 103150, 0, 0
412, 103200, 0, 0
413, 103250, 0, 4656.631999999999
413, 103300, 0, 0
413, 103350, 0, 0
413, 103400, 0, 0
413, 103450, 0, 0
414, 103500, 0, 4831.678202239999
414, 103550, 0, 0
414, 103600, 0, 0
414, 103650, 0, 0
414, 103700, 0, 0
415, 103750, 0, 4932.76
415, 103800, 0, 0
415, 103850, 0, 0
415, 103900, 28.555555555555557, 0
415, 103950, 29.576923076923077, 0
416, 104000, 27.714285714285715, 6730.8103625600015
416, 104050, 26.5, 0
416, 104100, 0, 0
416, 104150, 0, 0
416, 104200, 26.8, 0
417, 104250, 0, 6975.401392320004
417, 104300, 0, 0
417, 104350, 0, 0
417, 104400, 0, 0
417, 104450, 0, 0
418, 104500, 0, 6007.405998400005
418, 104550, 0, 0
418, 104600, 0, 0
418, 104650, 0, 0
418, 104700, 27, 0
419, 104750, 0, 6128.818183040002
419, 104800, 0, 0
419, 104850, 0, 0
419, 104900, 0, 0
419, 104950, 0, 0
420, 105000, 0, 5233.31295264
420, 105050, 0, 0
420, 105100, 0, 0
420, 105150, 0, 0
420, 105200, 0, 0
421, 105250, 0, 4719.608
421, 105300, 0, 0
421, 105350, 0, 0
421, 105400, 0, 0
421, 105450, 0, 0
422, 105500, 0, 4949.214011520001
422, 105550, 0, 0
422, 105600, 26.818181818181817, 0
422, 105650, 28.61904761904762, 0
422, 105700, 26.583333333333332, 0
423, 105750, 27, 6864.162725120004
423, 105800, 0, 0
423, 105850, 0, 0
423, 105900, 0, 0
423, 105950, 26, 0
424, 106000, 0, 5001.86544992
424, 106050, 0, 0
424, 106100, 0, 0
424, 106150, 0, 0
424, 106200, 0, 0
425, 106250, 27, 5812.497739840001
425, 106300, 0, 0
425, 106350, 0, 0
425, 106400, 26, 0
425, 106450, 26, 0
426, 106500, 0, 5879.919488640002
426, 106550, 0, 0
426, 106600, 27, 0
426, 106650, 29.24, 0
426, 106700, 32.06896551724138, 0
427, 106750, 28.333333333333332, 7267.678638080002
427, 106800, 0, 0
427, 106850, 0, 0
427, 106900, 26, 0
427, 106950, 26, 0
428, 107000, 0, 5500.113666240002
428, 107050, 0, 0
428, 107100, 0, 0
428, 107150, 0, 0
428, 107200, 0, 0
429, 107250, 0, 5979.355232000002
429, 107300, 0, 0
429, 107350, 0, 0
429, 107400, 0, 0
429, 107450, 28.1, 0
430, 107500, 27.833333333333332, 5766.64330304
430, 107550, 0, 0
430, 107600, 0, 0
430, 107650, 0, 0
430, 107700, 0, 0
431, 107750, 27.666666666666668, 5758.772884480003
431, 107800, 0, 0
431, 107850, 0, 0
431, 107900, 0, 0
431, 107950, 0, 0
432, 108000, 0, 5090.70188064
432, 108050, 0, 0
432, 108100, 0, 0
432, 108150, 0, 0
432, 108200, 26.88888888888889, 0
433, 108250, 27.75, 6150.698312960003
433, 108300, 0, 0
433, 108350, 0, 0
433, 108400, 0, 0
433, 108450, 0, 0
434, 108500, 0, 5166.36
434, 108550, 0, 0
434, 108600, 0, 0
434, 108650, 0, 0
434, 108700, 27.333333333333332, 0
435, 108750, 0, 5300.078973120002
435, 108800, 0, 0
435, 108850, 0, 0
435, 108900, 29.7, 0
435, 108950, 32.064516129032256, 0
436, 109000, 31, 7530.958609279998
436, 109050, 0, 0
436, 109100, 0, 0
436, 109150, 0, 0
436, 109200, 0, 0
437, 109250, 0, 5374.394682560001
437, 109300, 0, 0
437, 109350, 0, 0
437, 109400, 0, 0
437, 109450, 0, 0
438, 109500, 0, 4893.848064639999
438, 109550, 0, 0
438, 109600, 0, 0
438, 109650, 0, 0
438, 109700, 0, 0
439, 109750, 0, 5593.643873600002
439, 109800, 0, 0
439, 109850, 0, 0
439, 109900, 0, 0
439, 109950, 26.5, 0
440, 110000, 28.333333333333332, 5709.495127680002
440, 110050, 0, 0
440, 110100, 0, 0
440, 110150, 0, 0
440, 110200, 27.875, 0
441, 110250, 27.75, 5680.405978239999
441, 110300, 26.6, 0
441, 110350, 29.08695652173913, 0
441, 110400, 33.15625, 0
441, 110450, 35.44444444444444, 0
442, 110500, 31.083333333333332, 8675.73726464
442, 110550, 0, 0
442, 110600, 0, 0
442, 110650, 28.142857142857142, 0
442, 110700, 27.8, 0
443, 110750, 28, 6884.243351679998
443, 110800, 0, 0
443, 110850, 26, 0
443, 110900, 26, 0
443, 110950, 0, 0
444, 111000, 0, 6667.076127040001
444, 111050, 0, 0
444, 111100, 0, 0
444, 111150, 0, 0
444, 111200, 27, 0
445, 111250, 0, 5310.232856640001
445, 111300, 0, 0
445, 111350, 26, 0
445, 111400, 29.88, 0
445, 111450, 29.285714285714285, 0
446, 111500, 29.625, 6600.115972480001
446, 111550, 0, 0
446, 111600, 0, 0
446, 111650, 0, 0
446, 111700, 0, 0
447, 111750, 0, 5378.1154998400025
447, 111800, 0, 0
447, 111850, 0, 0
447, 111900, 0, 0
447, 111950, 0, 0
448, 112000, 0, 5430.056289280001
448, 112050, 0, 0
448, 112100, 0, 0
448, 112150, 27, 0
448, 112200, 0, 0
449, 112250, 0, 6183.39356672
449, 112300, 0, 0
449, 112350, 0, 0
449, 112400, 0, 0
449, 112450, 0, 0
450, 112500, 26.5, 6623.61858176
450, 112550, 0, 0
450, 112600, 0, 0
450, 112650, 0, 0
450, 112700, 0, 0
451, 112750, 0, 4799.448
451, 112800, 0, 0
451, 112850, 0, 0
451, 112900, 0, 0
451, 112950, 27.875, 0
452, 113000, 27.666666666666668, 5854.206044800001
452, 113050, 0, 0
452, 113100, 0, 0
452, 113150, 0, 0
452, 113200, 0, 0
453, 113250, 0, 5636.92704256
453, 113300, 0, 0
453, 113350, 0, 0
453, 113400, 0, 0
453, 113450, 0, 0
454, 113500, 26, 5837.0237891199995
454, 113550, 0, 0
454, 113600, 0, 0
454, 113650, 0, 0
454, 113700, 0, 0
455, 113750, 0, 5685.195359680002
455, 113800, 0, 0
455, 113850, 0, 0
455, 113900, 0, 0
455, 113950, 0, 0
456, 114000, 0, 4873.816000000001
456, 114050, 0, 0
456, 114100, 26, 0
456, 114150, 0, 0
456, 114200, 0, 0
457, 114250, 26, 7202.73913376
457, 114300, 0, 0
457, 114350, 0, 0
457, 114400, 0, 0
457, 114450, 0, 0
458, 114500, 0, 4596.376
458, 114550, 0, 0
458, 114600, 0, 0
458, 114650, 0, 0
458, 114700, 0, 0
459, 114750, 0, 5676.946049920005
459, 114800, 0, 0
459, 114850, 28.55, 0
459, 114900, 31.0625, 0
459, 114950, 31.548387096774192, 0
460, 115000, 29.333333333333332, 7961.8926896
460, 115050, 0, 0
460, 115100, 0, 0
460, 115150, 0, 0
460, 115200, 0, 0
461, 115250, 0, 6266.903948800005
461, 115300, 0, 0
461, 115350, 0, 0
461, 115400, 0, 0
461, 115450, 0, 0
462, 115500, 27.666666666666668, 4881.126505280002
462, 115550, 0, 0
462, 115600, 0, 0
462, 115650, 0, 0
462, 115700, 0, 0
463, 115750, 0, 4677.5958783999995
463, 115800, 0, 0
463, 115850, 0, 0
463, 115900, 0, 0
463, 115950, 0, 0
464, 116000, 0, 4683.128
464, 116050, 26, 0
464, 116100, 0, 0
464, 116150, 0, 0
464, 116200, 26, 0
465, 116250, 0, 5681.642423360005
465, 116300, 0, 0
465, 116350, 0, 0
465, 116400, 0, 0
465, 116450, 26.428571428571427, 0
466, 116500, 26.5, 6661.313923200007
466, 116550, 27.5, 0
466, 116600, 0, 0
466, 116650, 0, 0
466, 116700, 0, 0
467, 116750, 26, 6325.227938880003
467, 116800, 27.166666666666668, 0
467, 116850, 26.333333333333332, 0
467, 116900, 26.818181818181817, 0
467, 116950, 26, 0
468, 117000, 27, 5910.7361648
468, 117050, 0, 0
468, 117100, 0, 0
468, 117150, 28, 0
468, 117200, 0, 0
469, 117250, 0, 5702.23736192
469, 117300, 0, 0
469, 117350, 0, 0
469, 117400, 0, 0
469, 117450, 28.6, 0
470, 117500, 28.333333333333332, 7486.099983040002
470, 117550, 0, 0
470, 117600, 0, 0
470, 117650, 0, 0
470, 117700, 0, 0
471, 117750, 0, 4790.68
471, 117800, 0, 0
471, 117850, 0, 0
471, 117900, 0, 0
471, 117950, 0, 0
472, 118000, 0, 4845.335999999999
472, 118050, 0, 0
472, 118100, 0, 0
472, 118150, 26.636363636363637, 0
472, 118200, 26.666666666666668, 0
473, 118250, 27, 6202.028704000001
473, 118300, 0, 0
473, 118350, 0, 0
473, 118400, 0, 0
473, 118450, 0, 0
474, 118500, 0, 6156.70016928
474, 118550, 27.75, 0
474, 118600, 0, 0
474, 118650, 26, 0
474, 118700, 0, 0
475, 118750, 28.333333333333332, 6498.611221760006
475, 118800, 0, 0
475, 118850, 0, 0
475, 118900, 0, 0
475, 118950, 0, 0
476, 119000, 0, 5455.064000000001
476, 119050, 26, 0
476, 119100, 30.5, 0
476, 119150, 34.857142857142854, 0
476, 119200, 38.55, 0
477, 119250, 34.44444444444444, 10456.700904000001
477, 119300, 28.375, 0
477, 119350, 0, 0
477, 119400, 0, 0
477, 119450, 26, 0
478, 119500, 0, 6052.505132160004
478, 119550, 0, 0
478, 119600, 0, 0
478, 119650, 0, 0
478, 119700, 0, 0
479, 119750, 0, 4986.429752960002
479, 119800, 0, 0
479, 119850, 0, 0
479, 119900, 0, 0
479, 119950, 0, 0
480, 120000, 0, 5017.560420159999
480, 120050, 0, 0
480, 120100, 0, 0
480, 120150, 0, 0
480, 120200, 0, 0
481, 120250, 0, 4663.83646016
481, 120300, 0, 0
481, 120350, 0, 0
481, 120400, 0, 0
481, 120450, 0, 0
482, 120500, 0, 5174.136000000001
482, 120550, 0, 0
482, 120600, 0, 0
482, 120650, 0, 0
482, 120700, 0, 0
483, 120750, 0, 5362.52
483, 120800, 0, 0
483, 120850, 0, 0
483, 120900, 0, 0
483, 120950, 0, 0
484, 121000, 0, 5614.193613760001
484, 121050, 0, 0
484, 121100, 0, 0
484, 121150, 0, 0
484, 121200, 0, 0
485, 121250, 0, 5370.254397760001
485, 121300, 0, 0
485, 121350, 0, 0
485, 121400, 0, 0
485, 121450, 0, 0
486, 121500, 0, 4884.376
486, 121550, 0, 0
486, 121600, 0, 0
486, 121650, 30.892857142857142, 0
486, 121700, 32.645161290322584, 0
487, 121750, 29.1, 7259.611239039999
487, 121800, 0, 0
487, 121850, 0, 0
487, 121900, 0, 0
487, 121950, 0, 0
488, 122000, 0, 5816.695999999999
488, 122050, 26.85, 0
488, 122100, 26, 0
488, 122150, 0, 0
488, 122200, 0, 0
489, 122250, 0, 6685.482492480001
489, 122300, 0, 0
489, 122350, 26.333333333333332, 0
489, 122400, 0, 0
489, 122450, 0, 0
490, 122500, 0, 6220.3990313600025
490, 122550, 27, 0
490, 122600, 0, 0
490, 122650, 0, 0
490, 122700, 30.42105263157895, 0
491, 122750, 28.2, 7331.208224320003
491, 122800, 0, 0
491, 122850, 0, 0
491, 122900, 0, 0
491, 122950, 0, 0
492, 123000, 0, 4870.628343040001
492, 123050, 0, 0
492, 123100, 0, 0
492, 123150, 0, 0
492, 123200, 0, 0
493, 123250, 0, 4842.583999999999
493, 123300, 0, 0
493, 123350, 0, 0
493, 123400, 0, 0
493, 123450, 0, 0
494, 123500, 0, 5954.765696640002
494, 123550, 0, 0
494, 123600, 0, 0
494, 123650, 0, 0
494, 123700, 0, 0
495, 123750, 0, 5143.512
495, 123800, 0, 0
495, 123850, 31.483870967741936, 0
495, 123900, 32.63333333333333, 0
495, 123950, 31.70967741935484, 0
496, 124000, 28.23076923076923, 8611.910012480002
496, 124050, 0, 0
496, 124100, 0, 0
496, 124150, 0, 0
496, 124200, 0, 0
497, 124250, 0, 4748.4400000000005
497, 124300, 0, 0
497, 124350, 0, 0
497, 124400, 0, 0
497, 124450, 0, 0
498, 124500, 0, 6321.070100480005
498, 124550, 0, 0
498, 124600, 0, 0
498, 124650, 0, 0
498, 124700, 27, 0
499, 124750, 0, 6021.052958080001
499, 124800, 0, 0
499, 124850, 0, 0
499, 124900, 0, 0
499, 124950, 0, 0
500, 125000, 0, 5468.088000000001
