--------------------------------------------------------------------------------
TIMESTAMP: 02:41:55.409 PM 16-Jun-2022
PARAMS:
  population 0
  wiggle-angle 45
  look-ahead 1
  sniff-threshold 0.9
  sniff-angle 45
  chemical-drop 3
  diffuse-share 1
  evaporation-rate 0.95
  cluster-threshold 25
  cluster-radius 10
  learning-turtles 50
  ticks-per-episode 250
  episodes 500
  learning-rate 0.1
  discount-factor 0.9
  reward 100
  penalty -1
  e-greedy 0.5 0.9
ACTION SPACE: move-toward-chemical random-walk drop-chemical
OBSERVATION SPACE: chemical-here in-cluster
REWARD: rewardFunc6
--------------------------------------------------------------------------------
Episode, Tick, Avg custer size X tick, Avg reward X episode, Actions distribution
0, 50, 0, 0
0, 100, 0, 0
0, 150, 0, 0
0, 200, 0, 0
1, 250, 0, 4226.776000000001
1, 300, 0, 0
1, 350, 0, 0
1, 400, 0, 0
1, 450, 0, 0
2, 500, 0, 3109.144
2, 550, 0, 0
2, 600, 0, 0
2, 650, 0, 0
2, 700, 0, 0
3, 750, 0, 4004.4845599999994
3, 800, 0, 0
3, 850, 0, 0
3, 900, 0, 0
3, 950, 0, 0
4, 1000, 0, 3451.1599999999994
4, 1050, 0, 0
4, 1100, 0, 0
4, 1150, 0, 0
4, 1200, 0, 0
5, 1250, 0, 3371.9280000000003
5, 1300, 0, 0
5, 1350, 0, 0
5, 1400, 0, 0
5, 1450, 0, 0
6, 1500, 0, 4122.615999999999
6, 1550, 0, 0
6, 1600, 0, 0
6, 1650, 0, 0
6, 1700, 0, 0
7, 1750, 0, 3440.9199999999996
7, 1800, 0, 0
7, 1850, 0, 0
7, 1900, 0, 0
7, 1950, 0, 0
8, 2000, 0, 4399.352
8, 2050, 0, 0
8, 2100, 0, 0
8, 2150, 0, 0
8, 2200, 0, 0
9, 2250, 0, 3755.064
9, 2300, 0, 0
9, 2350, 26, 0
9, 2400, 0, 0
9, 2450, 27.4, 0
10, 2500, 27.6, 5066.144079999998
10, 2550, 0, 0
10, 2600, 0, 0
10, 2650, 0, 0
10, 2700, 26.714285714285715, 0
11, 2750, 0, 4887.411320000001
11, 2800, 0, 0
11, 2850, 0, 0
11, 2900, 28.555555555555557, 0
11, 2950, 27.647058823529413, 0
12, 3000, 27.25, 5284.953400000001
12, 3050, 0, 0
12, 3100, 0, 0
12, 3150, 0, 0
12, 3200, 26.5, 0
13, 3250, 28, 4839.630400000001
13, 3300, 0, 0
13, 3350, 0, 0
13, 3400, 27.866666666666667, 0
13, 3450, 28.176470588235293, 0
14, 3500, 27, 5272.338039999999
14, 3550, 0, 0
14, 3600, 0, 0
14, 3650, 0, 0
14, 3700, 0, 0
15, 3750, 0, 4510.5520000000015
15, 3800, 0, 0
15, 3850, 0, 0
15, 3900, 0, 0
15, 3950, 0, 0
16, 4000, 0, 3557.3680000000018
16, 4050, 0, 0
16, 4100, 0, 0
16, 4150, 0, 0
16, 4200, 0, 0
17, 4250, 0, 3995.704
17, 4300, 0, 0
17, 4350, 0, 0
17, 4400, 26, 0
17, 4450, 26.6, 0
18, 4500, 0, 4811.801160000001
18, 4550, 0, 0
18, 4600, 0, 0
18, 4650, 0, 0
18, 4700, 0, 0
19, 4750, 0, 4962.455999999999
19, 4800, 0, 0
19, 4850, 0, 0
19, 4900, 0, 0
19, 4950, 26.428571428571427, 0
20, 5000, 26, 5022.223440000001
20, 5050, 0, 0
20, 5100, 0, 0
20, 5150, 0, 0
20, 5200, 27.2, 0
21, 5250, 0, 5058.064519999999
21, 5300, 0, 0
21, 5350, 0, 0
21, 5400, 0, 0
21, 5450, 0, 0
22, 5500, 0, 4034.360000000001
22, 5550, 0, 0
22, 5600, 0, 0
22, 5650, 0, 0
22, 5700, 26.9375, 0
23, 5750, 29, 4679.958520000001
23, 5800, 0, 0
23, 5850, 0, 0
23, 5900, 26.6, 0
23, 5950, 27, 0
24, 6000, 0, 5235.31664
24, 6050, 0, 0
24, 6100, 0, 0
24, 6150, 0, 0
24, 6200, 0, 0
25, 6250, 0, 4340.695999999999
25, 6300, 0, 0
25, 6350, 0, 0
25, 6400, 0, 0
25, 6450, 0, 0
26, 6500, 0, 4589.079999999999
26, 6550, 0, 0
26, 6600, 0, 0
26, 6650, 0, 0
26, 6700, 0, 0
27, 6750, 28.666666666666668, 4503.397400000001
27, 6800, 0, 0
27, 6850, 0, 0
27, 6900, 0, 0
27, 6950, 0, 0
28, 7000, 0, 4089.752
28, 7050, 0, 0
28, 7100, 0, 0
28, 7150, 0, 0
28, 7200, 0, 0
29, 7250, 0, 3890.2959999999994
29, 7300, 0, 0
29, 7350, 0, 0
29, 7400, 26, 0
29, 7450, 26.666666666666668, 0
30, 7500, 0, 5071.450200000001
30, 7550, 0, 0
30, 7600, 0, 0
30, 7650, 0, 0
30, 7700, 0, 0
31, 7750, 0, 4573.151440000001
31, 7800, 0, 0
31, 7850, 0, 0
31, 7900, 0, 0
31, 7950, 0, 0
32, 8000, 0, 4218.295999999999
32, 8050, 0, 0
32, 8100, 0, 0
32, 8150, 0, 0
32, 8200, 0, 0
33, 8250, 0, 4462.84
33, 8300, 0, 0
33, 8350, 0, 0
33, 8400, 0, 0
33, 8450, 0, 0
34, 8500, 0, 4333.1759999999995
34, 8550, 0, 0
34, 8600, 0, 0
34, 8650, 0, 0
34, 8700, 0, 0
35, 8750, 0, 4082.6890799999987
35, 8800, 0, 0
35, 8850, 0, 0
35, 8900, 0, 0
35, 8950, 0, 0
36, 9000, 0, 4767.6399999999985
36, 9050, 0, 0
36, 9100, 0, 0
36, 9150, 0, 0
36, 9200, 0, 0
37, 9250, 0, 3840.409359999999
37, 9300, 0, 0
37, 9350, 0, 0
37, 9400, 0, 0
37, 9450, 0, 0
38, 9500, 0, 3688.567999999999
38, 9550, 0, 0
38, 9600, 0, 0
38, 9650, 0, 0
38, 9700, 0, 0
39, 9750, 0, 4098.9039999999995
39, 9800, 0, 0
39, 9850, 0, 0
39, 9900, 0, 0
39, 9950, 0, 0
40, 10000, 0, 4492.92
40, 10050, 0, 0
40, 10100, 0, 0
40, 10150, 28, 0
40, 10200, 0, 0
41, 10250, 0, 4641.1916
41, 10300, 0, 0
41, 10350, 0, 0
41, 10400, 0, 0
41, 10450, 0, 0
42, 10500, 0, 3571.4159999999993
42, 10550, 0, 0
42, 10600, 0, 0
42, 10650, 0, 0
42, 10700, 0, 0
43, 10750, 0, 4249.5599999999995
43, 10800, 0, 0
43, 10850, 0, 0
43, 10900, 0, 0
43, 10950, 0, 0
44, 11000, 0, 4219.223999999999
44, 11050, 0, 0
44, 11100, 0, 0
44, 11150, 0, 0
44, 11200, 0, 0
45, 11250, 0, 4194.039999999999
45, 11300, 0, 0
45, 11350, 0, 0
45, 11400, 0, 0
45, 11450, 0, 0
46, 11500, 0, 4192.952000000001
46, 11550, 0, 0
46, 11600, 0, 0
46, 11650, 0, 0
46, 11700, 0, 0
47, 11750, 0, 3933.207999999999
47, 11800, 0, 0
47, 11850, 0, 0
47, 11900, 0, 0
47, 11950, 0, 0
48, 12000, 0, 3756.92
48, 12050, 0, 0
48, 12100, 0, 0
48, 12150, 0, 0
48, 12200, 0, 0
49, 12250, 0, 3676.2480000000005
49, 12300, 0, 0
49, 12350, 0, 0
49, 12400, 0, 0
49, 12450, 0, 0
50, 12500, 0, 4084.1839999999993
50, 12550, 0, 0
50, 12600, 0, 0
50, 12650, 0, 0
50, 12700, 0, 0
51, 12750, 0, 3600.215999999999
51, 12800, 0, 0
51, 12850, 0, 0
51, 12900, 0, 0
51, 12950, 0, 0
52, 13000, 0, 3825.8800000000006
52, 13050, 0, 0
52, 13100, 0, 0
52, 13150, 0, 0
52, 13200, 0, 0
53, 13250, 0, 3824.8239999999996
53, 13300, 0, 0
53, 13350, 0, 0
53, 13400, 0, 0
53, 13450, 0, 0
54, 13500, 0, 3714.263999999999
54, 13550, 0, 0
54, 13600, 0, 0
54, 13650, 0, 0
54, 13700, 0, 0
55, 13750, 0, 4213.079999999999
55, 13800, 0, 0
55, 13850, 0, 0
55, 13900, 0, 0
55, 13950, 0, 0
56, 14000, 0, 4575.256000000001
56, 14050, 0, 0
56, 14100, 0, 0
56, 14150, 0, 0
56, 14200, 0, 0
57, 14250, 27.666666666666668, 4830.90592
57, 14300, 0, 0
57, 14350, 0, 0
57, 14400, 0, 0
57, 14450, 0, 0
58, 14500, 0, 3504.2480000000005
58, 14550, 0, 0
58, 14600, 0, 0
58, 14650, 0, 0
58, 14700, 0, 0
59, 14750, 0, 4408.000639999999
59, 14800, 0, 0
59, 14850, 0, 0
59, 14900, 0, 0
59, 14950, 0, 0
60, 15000, 0, 3721.24
60, 15050, 0, 0
60, 15100, 0, 0
60, 15150, 0, 0
60, 15200, 0, 0
61, 15250, 0, 3948.1839999999993
61, 15300, 0, 0
61, 15350, 0, 0
61, 15400, 0, 0
61, 15450, 0, 0
62, 15500, 0, 4532.831119999999
62, 15550, 0, 0
62, 15600, 0, 0
62, 15650, 0, 0
62, 15700, 0, 0
63, 15750, 0, 4965.528000000002
63, 15800, 0, 0
63, 15850, 0, 0
63, 15900, 0, 0
63, 15950, 0, 0
64, 16000, 0, 3616.4079999999994
64, 16050, 0, 0
64, 16100, 0, 0
64, 16150, 0, 0
64, 16200, 0, 0
65, 16250, 0, 4011.543999999999
65, 16300, 0, 0
65, 16350, 0, 0
65, 16400, 0, 0
65, 16450, 0, 0
66, 16500, 0, 3463.9919999999997
66, 16550, 0, 0
66, 16600, 0, 0
66, 16650, 0, 0
66, 16700, 0, 0
67, 16750, 0, 3845.7200000000007
67, 16800, 0, 0
67, 16850, 0, 0
67, 16900, 0, 0
67, 16950, 0, 0
68, 17000, 0, 3696.4719999999984
68, 17050, 0, 0
68, 17100, 0, 0
68, 17150, 0, 0
68, 17200, 0, 0
69, 17250, 0, 4313.496
69, 17300, 0, 0
69, 17350, 0, 0
69, 17400, 0, 0
69, 17450, 0, 0
70, 17500, 0, 4442.584
70, 17550, 0, 0
70, 17600, 0, 0
70, 17650, 0, 0
70, 17700, 0, 0
71, 17750, 0, 3835.639999999999
71, 17800, 0, 0
71, 17850, 0, 0
71, 17900, 0, 0
71, 17950, 0, 0
72, 18000, 0, 4038.5200000000004
72, 18050, 0, 0
72, 18100, 0, 0
72, 18150, 0, 0
72, 18200, 0, 0
73, 18250, 0, 3892.0240000000003
73, 18300, 0, 0
73, 18350, 0, 0
73, 18400, 0, 0
73, 18450, 0, 0
74, 18500, 0, 3608.8559999999998
74, 18550, 0, 0
74, 18600, 0, 0
74, 18650, 0, 0
74, 18700, 0, 0
75, 18750, 0, 3959.1279999999992
75, 18800, 0, 0
75, 18850, 0, 0
75, 18900, 0, 0
75, 18950, 0, 0
76, 19000, 0, 3487.831999999999
76, 19050, 0, 0
76, 19100, 0, 0
76, 19150, 0, 0
76, 19200, 0, 0
77, 19250, 0, 4223.226600000002
77, 19300, 0, 0
77, 19350, 0, 0
77, 19400, 0, 0
77, 19450, 0, 0
78, 19500, 0, 3123
78, 19550, 0, 0
78, 19600, 0, 0
78, 19650, 0, 0
78, 19700, 0, 0
79, 19750, 0, 4132.088
79, 19800, 0, 0
79, 19850, 0, 0
79, 19900, 0, 0
79, 19950, 0, 0
80, 20000, 0, 4514.14276
80, 20050, 0, 0
80, 20100, 0, 0
80, 20150, 0, 0
80, 20200, 0, 0
81, 20250, 0, 4048.5040000000004
81, 20300, 0, 0
81, 20350, 0, 0
81, 20400, 0, 0
81, 20450, 0, 0
82, 20500, 0, 3314.552
82, 20550, 0, 0
82, 20600, 0, 0
82, 20650, 0, 0
82, 20700, 0, 0
83, 20750, 0, 3747.3520000000017
83, 20800, 0, 0
83, 20850, 0, 0
83, 20900, 0, 0
83, 20950, 0, 0
84, 21000, 0, 3879.3519999999994
84, 21050, 0, 0
84, 21100, 0, 0
84, 21150, 0, 0
84, 21200, 0, 0
85, 21250, 0, 3445.2080000000005
85, 21300, 0, 0
85, 21350, 0, 0
85, 21400, 0, 0
85, 21450, 0, 0
86, 21500, 0, 3629.2080000000005
86, 21550, 0, 0
86, 21600, 0, 0
86, 21650, 0, 0
86, 21700, 0, 0
87, 21750, 0, 4698.409440000001
87, 21800, 0, 0
87, 21850, 0, 0
87, 21900, 0, 0
87, 21950, 0, 0
88, 22000, 0, 3736.472
88, 22050, 0, 0
88, 22100, 0, 0
88, 22150, 0, 0
88, 22200, 0, 0
89, 22250, 0, 3817.464000000001
89, 22300, 0, 0
89, 22350, 0, 0
89, 22400, 0, 0
89, 22450, 0, 0
90, 22500, 0, 3960.696
90, 22550, 0, 0
90, 22600, 0, 0
90, 22650, 0, 0
90, 22700, 0, 0
91, 22750, 0, 3998.360000000002
91, 22800, 0, 0
91, 22850, 0, 0
91, 22900, 0, 0
91, 22950, 0, 0
92, 23000, 0, 4768.312000000001
92, 23050, 0, 0
92, 23100, 0, 0
92, 23150, 0, 0
92, 23200, 0, 0
93, 23250, 0, 3578.1680000000006
93, 23300, 0, 0
93, 23350, 0, 0
93, 23400, 0, 0
93, 23450, 0, 0
94, 23500, 0, 3617.2080000000005
94, 23550, 0, 0
94, 23600, 0, 0
94, 23650, 0, 0
94, 23700, 0, 0
95, 23750, 0, 3965.6560000000004
95, 23800, 0, 0
95, 23850, 0, 0
95, 23900, 0, 0
95, 23950, 0, 0
96, 24000, 0, 3896.5040000000004
96, 24050, 0, 0
96, 24100, 0, 0
96, 24150, 0, 0
96, 24200, 0, 0
97, 24250, 0, 4164.536
97, 24300, 0, 0
97, 24350, 0, 0
97, 24400, 0, 0
97, 24450, 0, 0
98, 24500, 0, 4000.312
98, 24550, 0, 0
98, 24600, 0, 0
98, 24650, 0, 0
98, 24700, 0, 0
99, 24750, 0, 3985.0160000000005
99, 24800, 0, 0
99, 24850, 0, 0
99, 24900, 0, 0
99, 24950, 0, 0
100, 25000, 0, 5068.1234
100, 25050, 0, 0
100, 25100, 0, 0
100, 25150, 0, 0
100, 25200, 0, 0
101, 25250, 0, 3559.544
101, 25300, 0, 0
101, 25350, 0, 0
101, 25400, 0, 0
101, 25450, 0, 0
102, 25500, 0, 3806.9040000000005
102, 25550, 0, 0
102, 25600, 0, 0
102, 25650, 0, 0
102, 25700, 0, 0
103, 25750, 0, 3940.344
103, 25800, 0, 0
103, 25850, 0, 0
103, 25900, 0, 0
103, 25950, 0, 0
104, 26000, 0, 4503.64
104, 26050, 0, 0
104, 26100, 0, 0
104, 26150, 0, 0
104, 26200, 0, 0
105, 26250, 0, 4283.063999999999
105, 26300, 0, 0
105, 26350, 0, 0
105, 26400, 0, 0
105, 26450, 0, 0
106, 26500, 0, 4712.6
106, 26550, 0, 0
106, 26600, 0, 0
106, 26650, 0, 0
106, 26700, 0, 0
107, 26750, 0, 4199.096
107, 26800, 0, 0
107, 26850, 0, 0
107, 26900, 0, 0
107, 26950, 0, 0
108, 27000, 0, 4133.816000000001
108, 27050, 0, 0
108, 27100, 0, 0
108, 27150, 0, 0
108, 27200, 0, 0
109, 27250, 0, 5444.024
109, 27300, 0, 0
109, 27350, 0, 0
109, 27400, 0, 0
109, 27450, 0, 0
110, 27500, 0, 3911.2240000000006
110, 27550, 0, 0
110, 27600, 0, 0
110, 27650, 0, 0
110, 27700, 0, 0
111, 27750, 0, 4967.576000000001
111, 27800, 0, 0
111, 27850, 0, 0
111, 27900, 0, 0
111, 27950, 0, 0
112, 28000, 0, 4278.232
112, 28050, 0, 0
112, 28100, 0, 0
112, 28150, 0, 0
112, 28200, 0, 0
113, 28250, 0, 4232.1140000000005
113, 28300, 0, 0
113, 28350, 0, 0
113, 28400, 0, 0
113, 28450, 0, 0
114, 28500, 0, 3825.528
114, 28550, 0, 0
114, 28600, 0, 0
114, 28650, 0, 0
114, 28700, 0, 0
115, 28750, 0, 4308.856000000001
115, 28800, 0, 0
115, 28850, 0, 0
115, 28900, 0, 0
115, 28950, 0, 0
116, 29000, 0, 3451.256
116, 29050, 0, 0
116, 29100, 0, 0
116, 29150, 0, 0
116, 29200, 0, 0
117, 29250, 0, 3774.5840000000007
117, 29300, 0, 0
117, 29350, 0, 0
117, 29400, 0, 0
117, 29450, 0, 0
118, 29500, 0, 4621.655999999999
118, 29550, 0, 0
118, 29600, 0, 0
118, 29650, 0, 0
118, 29700, 0, 0
119, 29750, 0, 4958.647999999999
119, 29800, 0, 0
119, 29850, 0, 0
119, 29900, 0, 0
119, 29950, 0, 0
120, 30000, 0, 3825.879999999999
120, 30050, 0, 0
120, 30100, 0, 0
120, 30150, 0, 0
120, 30200, 0, 0
121, 30250, 0, 4484.609760000002
121, 30300, 0, 0
121, 30350, 0, 0
121, 30400, 0, 0
121, 30450, 0, 0
122, 30500, 0, 4166.872
122, 30550, 0, 0
122, 30600, 0, 0
122, 30650, 0, 0
122, 30700, 0, 0
123, 30750, 0, 4287.64
123, 30800, 0, 0
123, 30850, 0, 0
123, 30900, 0, 0
123, 30950, 0, 0
124, 31000, 0, 5378.3279999999995
124, 31050, 0, 0
124, 31100, 0, 0
124, 31150, 0, 0
124, 31200, 0, 0
125, 31250, 0, 4341.400000000001
125, 31300, 0, 0
125, 31350, 0, 0
125, 31400, 0, 0
125, 31450, 0, 0
126, 31500, 0, 4111.384
126, 31550, 0, 0
126, 31600, 0, 0
126, 31650, 0, 0
126, 31700, 0, 0
127, 31750, 0, 4208.92
127, 31800, 0, 0
127, 31850, 0, 0
127, 31900, 0, 0
127, 31950, 0, 0
128, 32000, 0, 4134.936
128, 32050, 0, 0
128, 32100, 0, 0
128, 32150, 0, 0
128, 32200, 0, 0
129, 32250, 0, 4181.975999999999
129, 32300, 0, 0
129, 32350, 0, 0
129, 32400, 0, 0
129, 32450, 0, 0
130, 32500, 0, 4439.960000000001
130, 32550, 0, 0
130, 32600, 0, 0
130, 32650, 0, 0
130, 32700, 0, 0
131, 32750, 0, 4613.13568
131, 32800, 0, 0
131, 32850, 0, 0
131, 32900, 0, 0
131, 32950, 0, 0
132, 33000, 0, 4424.760000000002
132, 33050, 28.833333333333332, 0
132, 33100, 28.666666666666668, 0
132, 33150, 29.6875, 0
132, 33200, 32.148148148148145, 0
133, 33250, 32.75, 8164.76712
133, 33300, 0, 0
133, 33350, 0, 0
133, 33400, 0, 0
133, 33450, 0, 0
134, 33500, 0, 4447.48
134, 33550, 0, 0
134, 33600, 0, 0
134, 33650, 0, 0
134, 33700, 0, 0
135, 33750, 0, 4628.12
135, 33800, 0, 0
135, 33850, 0, 0
135, 33900, 0, 0
135, 33950, 0, 0
136, 34000, 0, 4561.912
136, 34050, 0, 0
136, 34100, 0, 0
136, 34150, 0, 0
136, 34200, 0, 0
137, 34250, 0, 4825.329399999999
137, 34300, 0, 0
137, 34350, 0, 0
137, 34400, 0, 0
137, 34450, 0, 0
138, 34500, 0, 5610.8131600000015
138, 34550, 0, 0
138, 34600, 0, 0
138, 34650, 0, 0
138, 34700, 0, 0
139, 34750, 0, 4722.550200000001
139, 34800, 0, 0
139, 34850, 0, 0
139, 34900, 0, 0
139, 34950, 0, 0
140, 35000, 0, 5181.86616
140, 35050, 0, 0
140, 35100, 0, 0
140, 35150, 0, 0
140, 35200, 0, 0
141, 35250, 0, 5258.583999999999
141, 35300, 0, 0
141, 35350, 0, 0
141, 35400, 0, 0
141, 35450, 27, 0
142, 35500, 0, 5279.894199999999
142, 35550, 0, 0
142, 35600, 0, 0
142, 35650, 0, 0
142, 35700, 0, 0
143, 35750, 0, 5089.719999999998
143, 35800, 0, 0
143, 35850, 0, 0
143, 35900, 0, 0
143, 35950, 0, 0
144, 36000, 0, 4656.695999999999
144, 36050, 29.807692307692307, 0
144, 36100, 29.692307692307693, 0
144, 36150, 32.38709677419355, 0
144, 36200, 33.15151515151515, 0
145, 36250, 29.333333333333332, 8378.729
145, 36300, 0, 0
145, 36350, 0, 0
145, 36400, 0, 0
145, 36450, 26, 0
146, 36500, 0, 5008.20032
146, 36550, 0, 0
146, 36600, 0, 0
146, 36650, 0, 0
146, 36700, 28, 0
147, 36750, 27.166666666666668, 5242.17236
147, 36800, 0, 0
147, 36850, 0, 0
147, 36900, 0, 0
147, 36950, 0, 0
148, 37000, 0, 4791.255999999999
148, 37050, 0, 0
148, 37100, 27.666666666666668, 0
148, 37150, 26.666666666666668, 0
148, 37200, 28.08, 0
149, 37250, 28.5, 6193.211159999998
149, 37300, 0, 0
149, 37350, 0, 0
149, 37400, 0, 0
149, 37450, 0, 0
150, 37500, 0, 4056.253520000001
150, 37550, 27.571428571428573, 0
150, 37600, 27.76923076923077, 0
150, 37650, 28.38888888888889, 0
150, 37700, 29.285714285714285, 0
151, 37750, 27.857142857142858, 7237.805319999998
151, 37800, 0, 0
151, 37850, 0, 0
151, 37900, 0, 0
151, 37950, 0, 0
152, 38000, 0, 4627.128
152, 38050, 0, 0
152, 38100, 0, 0
152, 38150, 28, 0
152, 38200, 26.08695652173913, 0
153, 38250, 26, 5470.50952
153, 38300, 0, 0
153, 38350, 0, 0
153, 38400, 0, 0
153, 38450, 0, 0
154, 38500, 0, 4863.416
154, 38550, 0, 0
154, 38600, 0, 0
154, 38650, 0, 0
154, 38700, 0, 0
155, 38750, 0, 5017.464
155, 38800, 0, 0
155, 38850, 0, 0
155, 38900, 0, 0
155, 38950, 0, 0
156, 39000, 0, 5738.232000000001
156, 39050, 0, 0
156, 39100, 0, 0
156, 39150, 0, 0
156, 39200, 0, 0
157, 39250, 0, 4992.536
157, 39300, 0, 0
157, 39350, 0, 0
157, 39400, 0, 0
157, 39450, 0, 0
158, 39500, 0, 5033.336000000001
158, 39550, 0, 0
158, 39600, 0, 0
158, 39650, 0, 0
158, 39700, 0, 0
159, 39750, 0, 3520.12
159, 39800, 26, 0
159, 39850, 26.8, 0
159, 39900, 26.944444444444443, 0
159, 39950, 27.15, 0
160, 40000, 28.75, 6311.102480000001
160, 40050, 0, 0
160, 40100, 27.22222222222222, 0
160, 40150, 0, 0
160, 40200, 26, 0
161, 40250, 0, 6999.656079999999
161, 40300, 0, 0
161, 40350, 0, 0
161, 40400, 0, 0
161, 40450, 0, 0
162, 40500, 0, 4208.663999999998
162, 40550, 0, 0
162, 40600, 0, 0
162, 40650, 0, 0
162, 40700, 0, 0
163, 40750, 0, 4543.384
163, 40800, 0, 0
163, 40850, 0, 0
163, 40900, 0, 0
163, 40950, 0, 0
164, 41000, 0, 4464.215999999999
164, 41050, 0, 0
164, 41100, 0, 0
164, 41150, 0, 0
164, 41200, 0, 0
165, 41250, 0, 4818.104000000001
165, 41300, 0, 0
165, 41350, 0, 0
165, 41400, 0, 0
165, 41450, 0, 0
166, 41500, 0, 4290.744000000001
166, 41550, 0, 0
166, 41600, 0, 0
166, 41650, 0, 0
166, 41700, 0, 0
167, 41750, 0, 5891.064
167, 41800, 0, 0
167, 41850, 0, 0
167, 41900, 0, 0
167, 41950, 0, 0
168, 42000, 0, 4239.928
168, 42050, 27, 0
168, 42100, 0, 0
168, 42150, 27.285714285714285, 0
168, 42200, 30.653846153846153, 0
169, 42250, 28.833333333333332, 7044.279320000001
169, 42300, 0, 0
169, 42350, 0, 0
169, 42400, 27, 0
169, 42450, 29.25, 0
170, 42500, 27.2, 6457.121000000001
170, 42550, 0, 0
170, 42600, 0, 0
170, 42650, 0, 0
170, 42700, 0, 0
171, 42750, 0, 4191.608
171, 42800, 0, 0
171, 42850, 0, 0
171, 42900, 0, 0
171, 42950, 0, 0
172, 43000, 0, 4831.224
172, 43050, 0, 0
172, 43100, 0, 0
172, 43150, 0, 0
172, 43200, 0, 0
173, 43250, 0, 4722.99496
173, 43300, 0, 0
173, 43350, 0, 0
173, 43400, 0, 0
173, 43450, 0, 0
174, 43500, 0, 4247.14188
174, 43550, 0, 0
174, 43600, 0, 0
174, 43650, 0, 0
174, 43700, 0, 0
175, 43750, 0, 4760.574919999998
175, 43800, 0, 0
175, 43850, 0, 0
175, 43900, 0, 0
175, 43950, 0, 0
176, 44000, 0, 4593.368000000001
176, 44050, 0, 0
176, 44100, 0, 0
176, 44150, 0, 0
176, 44200, 0, 0
177, 44250, 0, 4544.445799999999
177, 44300, 0, 0
177, 44350, 0, 0
177, 44400, 0, 0
177, 44450, 26, 0
178, 44500, 0, 4747.535360000001
178, 44550, 0, 0
178, 44600, 0, 0
178, 44650, 0, 0
178, 44700, 0, 0
179, 44750, 0, 3996.344000000001
179, 44800, 0, 0
179, 44850, 0, 0
179, 44900, 0, 0
179, 44950, 0, 0
180, 45000, 0, 4783.704000000001
180, 45050, 0, 0
180, 45100, 0, 0
180, 45150, 0, 0
180, 45200, 0, 0
181, 45250, 0, 4680.15472
181, 45300, 0, 0
181, 45350, 0, 0
181, 45400, 0, 0
181, 45450, 0, 0
182, 45500, 0, 4470.880439999999
182, 45550, 0, 0
182, 45600, 0, 0
182, 45650, 26.9, 0
182, 45700, 27.571428571428573, 0
183, 45750, 26.666666666666668, 5901.1230000000005
183, 45800, 0, 0
183, 45850, 0, 0
183, 45900, 0, 0
183, 45950, 0, 0
184, 46000, 0, 4171.48
184, 46050, 0, 0
184, 46100, 28.058823529411764, 0
184, 46150, 26.8, 0
184, 46200, 29.115384615384617, 0
185, 46250, 27.571428571428573, 6351.875800000002
185, 46300, 0, 0
185, 46350, 0, 0
185, 46400, 0, 0
185, 46450, 0, 0
186, 46500, 0, 4270.77932
186, 46550, 0, 0
186, 46600, 0, 0
186, 46650, 0, 0
186, 46700, 0, 0
187, 46750, 0, 4285.56
187, 46800, 0, 0
187, 46850, 0, 0
187, 46900, 0, 0
187, 46950, 0, 0
188, 47000, 0, 3919.9600000000005
188, 47050, 0, 0
188, 47100, 0, 0
188, 47150, 0, 0
188, 47200, 0, 0
189, 47250, 0, 4680.504
189, 47300, 0, 0
189, 47350, 0, 0
189, 47400, 0, 0
189, 47450, 0, 0
190, 47500, 0, 4675.223999999999
190, 47550, 0, 0
190, 47600, 0, 0
190, 47650, 0, 0
190, 47700, 0, 0
191, 47750, 0, 3564.0239999999994
191, 47800, 0, 0
191, 47850, 0, 0
191, 47900, 0, 0
191, 47950, 0, 0
192, 48000, 0, 4869.303999999999
192, 48050, 0, 0
192, 48100, 0, 0
192, 48150, 0, 0
192, 48200, 0, 0
193, 48250, 0, 4493.145720000001
193, 48300, 0, 0
193, 48350, 0, 0
193, 48400, 0, 0
193, 48450, 27, 0
194, 48500, 28.25, 5117.137039999999
194, 48550, 0, 0
194, 48600, 27, 0
194, 48650, 27.5, 0
194, 48700, 27.17391304347826, 0
195, 48750, 27.4, 5982.37108
195, 48800, 0, 0
195, 48850, 0, 0
195, 48900, 0, 0
195, 48950, 0, 0
196, 49000, 0, 4135.512
196, 49050, 0, 0
196, 49100, 0, 0
196, 49150, 0, 0
196, 49200, 0, 0
197, 49250, 0, 3485.0159999999996
197, 49300, 0, 0
197, 49350, 0, 0
197, 49400, 29.12, 0
197, 49450, 29.36, 0
198, 49500, 28, 6780.803880000001
198, 49550, 0, 0
198, 49600, 0, 0
198, 49650, 0, 0
198, 49700, 0, 0
199, 49750, 0, 4673.659240000001
199, 49800, 0, 0
199, 49850, 0, 0
199, 49900, 0, 0
199, 49950, 0, 0
200, 50000, 0, 4756.67532
200, 50050, 0, 0
200, 50100, 0, 0
200, 50150, 0, 0
200, 50200, 26.75, 0
201, 50250, 27.5, 5299.577520000001
201, 50300, 0, 0
201, 50350, 27.68421052631579, 0
201, 50400, 27.4375, 0
201, 50450, 29, 0
202, 50500, 26.833333333333332, 6604.933199999996
202, 50550, 0, 0
202, 50600, 0, 0
202, 50650, 0, 0
202, 50700, 0, 0
203, 50750, 0, 3532.2799999999993
203, 50800, 0, 0
203, 50850, 0, 0
203, 50900, 0, 0
203, 50950, 0, 0
204, 51000, 0, 3812.1839999999997
204, 51050, 0, 0
204, 51100, 0, 0
204, 51150, 0, 0
204, 51200, 0, 0
205, 51250, 0, 3591.2560000000003
205, 51300, 0, 0
205, 51350, 0, 0
205, 51400, 0, 0
205, 51450, 0, 0
206, 51500, 29.625, 4408.83824
206, 51550, 0, 0
206, 51600, 0, 0
206, 51650, 0, 0
206, 51700, 0, 0
207, 51750, 0, 4303.8640000000005
207, 51800, 0, 0
207, 51850, 26.142857142857142, 0
207, 51900, 26.23076923076923, 0
207, 51950, 27.807692307692307, 0
208, 52000, 26.5, 6467.8738799999965
208, 52050, 0, 0
208, 52100, 0, 0
208, 52150, 27.352941176470587, 0
208, 52200, 30.866666666666667, 0
209, 52250, 29, 6283.14924
209, 52300, 0, 0
209, 52350, 0, 0
209, 52400, 0, 0
209, 52450, 28.4, 0
210, 52500, 26, 4738.62624
210, 52550, 0, 0
210, 52600, 0, 0
210, 52650, 0, 0
210, 52700, 0, 0
211, 52750, 26, 4227.122520000001
211, 52800, 0, 0
211, 52850, 0, 0
211, 52900, 0, 0
211, 52950, 27.583333333333332, 0
212, 53000, 0, 5212.90384
212, 53050, 0, 0
212, 53100, 26.904761904761905, 0
212, 53150, 27.130434782608695, 0
212, 53200, 29.071428571428573, 0
213, 53250, 30.5, 6747.207
213, 53300, 0, 0
213, 53350, 0, 0
213, 53400, 0, 0
213, 53450, 0, 0
214, 53500, 0, 3763.8959999999997
214, 53550, 0, 0
214, 53600, 27.75, 0
214, 53650, 26.833333333333332, 0
214, 53700, 27.85185185185185, 0
215, 53750, 26, 6073.06284
215, 53800, 0, 0
215, 53850, 0, 0
215, 53900, 0, 0
215, 53950, 0, 0
216, 54000, 0, 4018.136
216, 54050, 0, 0
216, 54100, 0, 0
216, 54150, 0, 0
216, 54200, 0, 0
217, 54250, 0, 4024.5359999999987
217, 54300, 0, 0
217, 54350, 0, 0
217, 54400, 0, 0
217, 54450, 0, 0
218, 54500, 0, 4707.50852
218, 54550, 0, 0
218, 54600, 0, 0
218, 54650, 0, 0
218, 54700, 0, 0
219, 54750, 0, 3918.552
219, 54800, 0, 0
219, 54850, 0, 0
219, 54900, 0, 0
219, 54950, 0, 0
220, 55000, 0, 3864.66888
220, 55050, 0, 0
220, 55100, 0, 0
220, 55150, 0, 0
220, 55200, 0, 0
221, 55250, 0, 4358.353800000001
221, 55300, 0, 0
221, 55350, 0, 0
221, 55400, 0, 0
221, 55450, 0, 0
222, 55500, 0, 3686.2
222, 55550, 0, 0
222, 55600, 0, 0
222, 55650, 0, 0
222, 55700, 0, 0
223, 55750, 0, 3701.207999999999
223, 55800, 0, 0
223, 55850, 0, 0
223, 55900, 0, 0
223, 55950, 0, 0
224, 56000, 0, 4053.8178399999997
224, 56050, 0, 0
224, 56100, 0, 0
224, 56150, 0, 0
224, 56200, 0, 0
225, 56250, 0, 4202.026319999999
225, 56300, 0, 0
225, 56350, 0, 0
225, 56400, 0, 0
225, 56450, 0, 0
226, 56500, 0, 4419.49968
226, 56550, 0, 0
226, 56600, 0, 0
226, 56650, 0, 0
226, 56700, 0, 0
227, 56750, 0, 3851.96
227, 56800, 0, 0
227, 56850, 0, 0
227, 56900, 0, 0
227, 56950, 0, 0
228, 57000, 0, 3715.7360000000003
228, 57050, 31, 0
228, 57100, 29.482758620689655, 0
228, 57150, 31.2, 0
228, 57200, 29.208333333333332, 0
229, 57250, 27.666666666666668, 7502.7954
229, 57300, 0, 0
229, 57350, 0, 0
229, 57400, 27.833333333333332, 0
229, 57450, 26.863636363636363, 0
230, 57500, 26.666666666666668, 5093.225
230, 57550, 0, 0
230, 57600, 0, 0
230, 57650, 0, 0
230, 57700, 0, 0
231, 57750, 0, 4435.04016
231, 57800, 0, 0
231, 57850, 29.88888888888889, 0
231, 57900, 26.59090909090909, 0
231, 57950, 29.79310344827586, 0
232, 58000, 29.285714285714285, 6474.323360000001
232, 58050, 0, 0
232, 58100, 26, 0
232, 58150, 26.95, 0
232, 58200, 27.26923076923077, 0
233, 58250, 30.88888888888889, 6192.816399999999
233, 58300, 0, 0
233, 58350, 0, 0
233, 58400, 28.6, 0
233, 58450, 29.5, 0
234, 58500, 27.833333333333332, 6318.73628
234, 58550, 0, 0
234, 58600, 0, 0
234, 58650, 26.6, 0
234, 58700, 0, 0
235, 58750, 0, 5311.7916399999995
235, 58800, 0, 0
235, 58850, 0, 0
235, 58900, 0, 0
235, 58950, 0, 0
236, 59000, 0, 4386.296000000001
236, 59050, 0, 0
236, 59100, 0, 0
236, 59150, 0, 0
236, 59200, 0, 0
237, 59250, 28, 4795.798399999999
237, 59300, 0, 0
237, 59350, 0, 0
237, 59400, 0, 0
237, 59450, 0, 0
238, 59500, 0, 3522.7120000000014
238, 59550, 0, 0
238, 59600, 0, 0
238, 59650, 0, 0
238, 59700, 0, 0
239, 59750, 0, 3843.0319999999997
239, 59800, 0, 0
239, 59850, 0, 0
239, 59900, 0, 0
239, 59950, 0, 0
240, 60000, 0, 4508.4282
240, 60050, 0, 0
240, 60100, 0, 0
240, 60150, 0, 0
240, 60200, 0, 0
241, 60250, 0, 4180.983999999999
241, 60300, 0, 0
241, 60350, 0, 0
241, 60400, 27.88888888888889, 0
241, 60450, 27, 0
242, 60500, 0, 5025.22456
242, 60550, 0, 0
242, 60600, 0, 0
242, 60650, 0, 0
242, 60700, 0, 0
243, 60750, 0, 3618.9359999999997
243, 60800, 0, 0
243, 60850, 0, 0
243, 60900, 0, 0
243, 60950, 0, 0
244, 61000, 0, 4070.1367999999993
244, 61050, 0, 0
244, 61100, 0, 0
244, 61150, 0, 0
244, 61200, 0, 0
245, 61250, 0, 3538.4240000000004
245, 61300, 0, 0
245, 61350, 0, 0
245, 61400, 0, 0
245, 61450, 26, 0
246, 61500, 0, 4308.190000000001
246, 61550, 0, 0
246, 61600, 26.75, 0
246, 61650, 26.5, 0
246, 61700, 0, 0
247, 61750, 0, 6062.936679999998
247, 61800, 0, 0
247, 61850, 0, 0
247, 61900, 0, 0
247, 61950, 0, 0
248, 62000, 0, 4288.737720000001
248, 62050, 0, 0
248, 62100, 0, 0
248, 62150, 0, 0
248, 62200, 26, 0
249, 62250, 27.166666666666668, 5166.826480000001
249, 62300, 0, 0
249, 62350, 0, 0
249, 62400, 0, 0
249, 62450, 0, 0
250, 62500, 0, 3810.488000000001
250, 62550, 0, 0
250, 62600, 0, 0
250, 62650, 0, 0
250, 62700, 0, 0
251, 62750, 0, 4301.719999999998
251, 62800, 0, 0
251, 62850, 0, 0
251, 62900, 0, 0
251, 62950, 0, 0
252, 63000, 26, 3759.4766799999993
252, 63050, 0, 0
252, 63100, 0, 0
252, 63150, 0, 0
252, 63200, 0, 0
253, 63250, 0, 3780.4720000000007
253, 63300, 0, 0
253, 63350, 27, 0
253, 63400, 0, 0
253, 63450, 0, 0
254, 63500, 0, 4111.8506
254, 63550, 0, 0
254, 63600, 0, 0
254, 63650, 0, 0
254, 63700, 0, 0
255, 63750, 26, 4049.9242
255, 63800, 0, 0
255, 63850, 0, 0
255, 63900, 0, 0
255, 63950, 0, 0
256, 64000, 0, 3883.3520000000003
256, 64050, 0, 0
256, 64100, 0, 0
256, 64150, 0, 0
256, 64200, 0, 0
257, 64250, 0, 4306.15612
257, 64300, 0, 0
257, 64350, 0, 0
257, 64400, 0, 0
257, 64450, 0, 0
258, 64500, 0, 4469.239999999999
258, 64550, 0, 0
258, 64600, 0, 0
258, 64650, 0, 0
258, 64700, 0, 0
259, 64750, 27.5, 4294.29584
259, 64800, 0, 0
259, 64850, 0, 0
259, 64900, 26.571428571428573, 0
259, 64950, 29.48, 0
260, 65000, 30, 5605.470719999998
260, 65050, 0, 0
260, 65100, 0, 0
260, 65150, 0, 0
260, 65200, 0, 0
261, 65250, 0, 3837.112
261, 65300, 0, 0
261, 65350, 0, 0
261, 65400, 30.5, 0
261, 65450, 28.42105263157895, 0
262, 65500, 31.2, 5559.73004
262, 65550, 0, 0
262, 65600, 0, 0
262, 65650, 0, 0
262, 65700, 0, 0
263, 65750, 0, 4073.592
263, 65800, 0, 0
263, 65850, 0, 0
263, 65900, 0, 0
263, 65950, 0, 0
264, 66000, 0, 3316.888
264, 66050, 0, 0
264, 66100, 0, 0
264, 66150, 0, 0
264, 66200, 0, 0
265, 66250, 0, 3664.9840000000004
265, 66300, 0, 0
265, 66350, 0, 0
265, 66400, 0, 0
265, 66450, 0, 0
266, 66500, 0, 3747.0319999999997
266, 66550, 0, 0
266, 66600, 26, 0
266, 66650, 26.833333333333332, 0
266, 66700, 26.666666666666668, 0
267, 66750, 28, 5820.768079999998
267, 66800, 0, 0
267, 66850, 0, 0
267, 66900, 0, 0
267, 66950, 0, 0
268, 67000, 0, 3674.6479999999997
268, 67050, 0, 0
268, 67100, 0, 0
268, 67150, 0, 0
268, 67200, 0, 0
269, 67250, 0, 3400.856000000001
269, 67300, 0, 0
269, 67350, 0, 0
269, 67400, 0, 0
269, 67450, 0, 0
270, 67500, 0, 4132.088
270, 67550, 0, 0
270, 67600, 0, 0
270, 67650, 0, 0
270, 67700, 0, 0
271, 67750, 0, 3335.575999999999
271, 67800, 27, 0
271, 67850, 0, 0
271, 67900, 0, 0
271, 67950, 0, 0
272, 68000, 26.333333333333332, 5000.295360000002
272, 68050, 0, 0
272, 68100, 0, 0
272, 68150, 0, 0
272, 68200, 0, 0
273, 68250, 0, 3703.3926000000006
273, 68300, 0, 0
273, 68350, 0, 0
273, 68400, 0, 0
273, 68450, 0, 0
274, 68500, 0, 3799.448
274, 68550, 0, 0
274, 68600, 0, 0
274, 68650, 0, 0
274, 68700, 0, 0
275, 68750, 0, 3456.7919999999995
275, 68800, 0, 0
275, 68850, 0, 0
275, 68900, 0, 0
275, 68950, 0, 0
276, 69000, 0, 3393.3679999999995
276, 69050, 0, 0
276, 69100, 0, 0
276, 69150, 0, 0
276, 69200, 0, 0
277, 69250, 27, 4382.669039999999
277, 69300, 0, 0
277, 69350, 0, 0
277, 69400, 0, 0
277, 69450, 0, 0
278, 69500, 0, 3747.384
278, 69550, 0, 0
278, 69600, 0, 0
278, 69650, 0, 0
278, 69700, 0, 0
279, 69750, 0, 4304.856000000001
279, 69800, 0, 0
279, 69850, 0, 0
279, 69900, 0, 0
279, 69950, 0, 0
280, 70000, 0, 4166.3067200000005
280, 70050, 0, 0
280, 70100, 0, 0
280, 70150, 26, 0
280, 70200, 27.142857142857142, 0
281, 70250, 28, 5309.451359999999
281, 70300, 0, 0
281, 70350, 0, 0
281, 70400, 0, 0
281, 70450, 0, 0
282, 70500, 0, 4482.885679999999
282, 70550, 0, 0
282, 70600, 0, 0
282, 70650, 0, 0
282, 70700, 0, 0
283, 70750, 0, 4504.3972
283, 70800, 0, 0
283, 70850, 0, 0
283, 70900, 0, 0
283, 70950, 0, 0
284, 71000, 0, 3728.792
284, 71050, 0, 0
284, 71100, 26.333333333333332, 0
284, 71150, 28.25925925925926, 0
284, 71200, 28.5, 0
285, 71250, 27.666666666666668, 6413.143319999999
285, 71300, 0, 0
285, 71350, 0, 0
285, 71400, 0, 0
285, 71450, 0, 0
286, 71500, 0, 3476.5680000000016
286, 71550, 0, 0
286, 71600, 0, 0
286, 71650, 0, 0
286, 71700, 0, 0
287, 71750, 0, 4497.592000000001
287, 71800, 0, 0
287, 71850, 0, 0
287, 71900, 0, 0
287, 71950, 0, 0
288, 72000, 0, 4504.95504
288, 72050, 0, 0
288, 72100, 0, 0
288, 72150, 0, 0
288, 72200, 0, 0
289, 72250, 0, 4023.6079999999997
289, 72300, 0, 0
289, 72350, 0, 0
289, 72400, 0, 0
289, 72450, 0, 0
290, 72500, 0, 3952.216000000001
290, 72550, 0, 0
290, 72600, 0, 0
290, 72650, 0, 0
290, 72700, 0, 0
291, 72750, 0, 4061.0160000000005
291, 72800, 0, 0
291, 72850, 0, 0
291, 72900, 0, 0
291, 72950, 0, 0
292, 73000, 0, 4033.3360000000002
292, 73050, 0, 0
292, 73100, 0, 0
292, 73150, 0, 0
292, 73200, 0, 0
293, 73250, 26, 3733.7203999999997
293, 73300, 0, 0
293, 73350, 0, 0
293, 73400, 0, 0
293, 73450, 0, 0
294, 73500, 0, 3977.784
294, 73550, 0, 0
294, 73600, 0, 0
294, 73650, 0, 0
294, 73700, 0, 0
295, 73750, 0, 3903.2239999999997
295, 73800, 0, 0
295, 73850, 0, 0
295, 73900, 0, 0
295, 73950, 0, 0
296, 74000, 0, 3563.9920000000006
296, 74050, 0, 0
296, 74100, 0, 0
296, 74150, 0, 0
296, 74200, 0, 0
297, 74250, 0, 4665.496000000001
297, 74300, 0, 0
297, 74350, 0, 0
297, 74400, 0, 0
297, 74450, 0, 0
298, 74500, 0, 4037.9759999999997
298, 74550, 0, 0
298, 74600, 0, 0
298, 74650, 0, 0
298, 74700, 0, 0
299, 74750, 0, 3863.9919999999997
299, 74800, 0, 0
299, 74850, 0, 0
299, 74900, 0, 0
299, 74950, 28.4, 0
300, 75000, 26, 5182.942639999999
300, 75050, 0, 0
300, 75100, 0, 0
300, 75150, 0, 0
300, 75200, 0, 0
301, 75250, 0, 4453.176000000001
301, 75300, 0, 0
301, 75350, 0, 0
301, 75400, 0, 0
301, 75450, 0, 0
302, 75500, 0, 4265.879999999999
302, 75550, 0, 0
302, 75600, 0, 0
302, 75650, 0, 0
302, 75700, 0, 0
303, 75750, 0, 4594.552
303, 75800, 0, 0
303, 75850, 26.214285714285715, 0
303, 75900, 28.136363636363637, 0
303, 75950, 29.14814814814815, 0
304, 76000, 26.5, 6546.96796
304, 76050, 0, 0
304, 76100, 0, 0
304, 76150, 0, 0
304, 76200, 0, 0
305, 76250, 0, 3975.511999999999
305, 76300, 0, 0
305, 76350, 0, 0
305, 76400, 0, 0
305, 76450, 0, 0
306, 76500, 0, 4395.16
306, 76550, 0, 0
306, 76600, 0, 0
306, 76650, 0, 0
306, 76700, 0, 0
307, 76750, 0, 4085.880000000002
307, 76800, 0, 0
307, 76850, 0, 0
307, 76900, 0, 0
307, 76950, 0, 0
308, 77000, 0, 3752.152
308, 77050, 0, 0
308, 77100, 0, 0
308, 77150, 0, 0
308, 77200, 0, 0
309, 77250, 0, 4488.4866
309, 77300, 0, 0
309, 77350, 0, 0
309, 77400, 0, 0
309, 77450, 0, 0
310, 77500, 0, 4004.472000000001
310, 77550, 0, 0
310, 77600, 26, 0
310, 77650, 0, 0
310, 77700, 0, 0
311, 77750, 0, 4825.571999999997
311, 77800, 0, 0
311, 77850, 0, 0
311, 77900, 0, 0
311, 77950, 0, 0
312, 78000, 0, 4613.848
312, 78050, 0, 0
312, 78100, 0, 0
312, 78150, 0, 0
312, 78200, 0, 0
313, 78250, 0, 3764.087999999999
313, 78300, 0, 0
313, 78350, 0, 0
313, 78400, 0, 0
313, 78450, 0, 0
314, 78500, 0, 4595.032000000002
314, 78550, 26.333333333333332, 0
314, 78600, 27.11764705882353, 0
314, 78650, 28.384615384615383, 0
314, 78700, 29.482758620689655, 0
315, 78750, 28.625, 6737.732959999998
315, 78800, 0, 0
315, 78850, 0, 0
315, 78900, 0, 0
315, 78950, 0, 0
316, 79000, 0, 3762.9679999999994
316, 79050, 0, 0
316, 79100, 0, 0
316, 79150, 0, 0
316, 79200, 0, 0
317, 79250, 0, 3618.423999999999
317, 79300, 0, 0
317, 79350, 0, 0
317, 79400, 0, 0
317, 79450, 0, 0
318, 79500, 0, 3826.6480000000006
318, 79550, 0, 0
318, 79600, 0, 0
318, 79650, 0, 0
318, 79700, 0, 0
319, 79750, 0, 3845.7839999999997
319, 79800, 0, 0
319, 79850, 0, 0
319, 79900, 0, 0
319, 79950, 0, 0
320, 80000, 0, 4373.784000000001
320, 80050, 0, 0
320, 80100, 0, 0
320, 80150, 0, 0
320, 80200, 0, 0
321, 80250, 0, 3799.9279999999994
321, 80300, 0, 0
321, 80350, 29.26923076923077, 0
321, 80400, 29.517241379310345, 0
321, 80450, 32, 0
322, 80500, 29, 6962.484679999999
322, 80550, 0, 0
322, 80600, 0, 0
322, 80650, 0, 0
322, 80700, 0, 0
323, 80750, 0, 4413.144
323, 80800, 0, 0
323, 80850, 0, 0
323, 80900, 0, 0
323, 80950, 0, 0
324, 81000, 0, 4750.872
324, 81050, 0, 0
324, 81100, 0, 0
324, 81150, 0, 0
324, 81200, 0, 0
325, 81250, 0, 4314.616000000001
325, 81300, 0, 0
325, 81350, 0, 0
325, 81400, 0, 0
325, 81450, 0, 0
326, 81500, 0, 3722.360000000002
326, 81550, 0, 0
326, 81600, 0, 0
326, 81650, 0, 0
326, 81700, 0, 0
327, 81750, 0, 5132.312
327, 81800, 0, 0
327, 81850, 0, 0
327, 81900, 0, 0
327, 81950, 0, 0
328, 82000, 0, 4639.1280000000015
328, 82050, 0, 0
328, 82100, 0, 0
328, 82150, 0, 0
328, 82200, 0, 0
329, 82250, 0, 3430.264
329, 82300, 0, 0
329, 82350, 0, 0
329, 82400, 0, 0
329, 82450, 0, 0
330, 82500, 0, 3957.7199999999993
330, 82550, 0, 0
330, 82600, 0, 0
330, 82650, 0, 0
330, 82700, 0, 0
331, 82750, 0, 4542.424
331, 82800, 0, 0
331, 82850, 0, 0
331, 82900, 0, 0
331, 82950, 0, 0
332, 83000, 0, 4001.3679999999995
332, 83050, 0, 0
332, 83100, 0, 0
332, 83150, 0, 0
332, 83200, 0, 0
333, 83250, 0, 3727.064
333, 83300, 0, 0
333, 83350, 0, 0
333, 83400, 0, 0
333, 83450, 0, 0
334, 83500, 0, 4409.368
334, 83550, 0, 0
334, 83600, 0, 0
334, 83650, 0, 0
334, 83700, 0, 0
335, 83750, 0, 4179.416
335, 83800, 0, 0
335, 83850, 0, 0
335, 83900, 0, 0
335, 83950, 0, 0
336, 84000, 0, 4077.72
336, 84050, 0, 0
336, 84100, 0, 0
336, 84150, 0, 0
336, 84200, 0, 0
337, 84250, 0, 4704.133239999999
337, 84300, 0, 0
337, 84350, 0, 0
337, 84400, 0, 0
337, 84450, 0, 0
338, 84500, 0, 4060.408
338, 84550, 0, 0
338, 84600, 0, 0
338, 84650, 27.666666666666668, 0
338, 84700, 27.636363636363637, 0
339, 84750, 28.142857142857142, 5781.966319999998
339, 84800, 0, 0
339, 84850, 0, 0
339, 84900, 0, 0
339, 84950, 0, 0
340, 85000, 0, 3921.5279999999993
340, 85050, 0, 0
340, 85100, 0, 0
340, 85150, 0, 0
340, 85200, 0, 0
341, 85250, 0, 4594.2
341, 85300, 26.6, 0
341, 85350, 28.88888888888889, 0
341, 85400, 28.555555555555557, 0
341, 85450, 28.857142857142858, 0
342, 85500, 28.666666666666668, 7128.47696
342, 85550, 0, 0
342, 85600, 0, 0
342, 85650, 0, 0
342, 85700, 0, 0
343, 85750, 0, 4566.071999999999
343, 85800, 0, 0
343, 85850, 0, 0
343, 85900, 0, 0
343, 85950, 0, 0
344, 86000, 0, 4032.4399999999987
344, 86050, 0, 0
344, 86100, 0, 0
344, 86150, 0, 0
344, 86200, 0, 0
345, 86250, 0, 5605.01012
345, 86300, 0, 0
345, 86350, 0, 0
345, 86400, 0, 0
345, 86450, 0, 0
346, 86500, 0, 5841.5920000000015
346, 86550, 0, 0
346, 86600, 0, 0
346, 86650, 0, 0
346, 86700, 0, 0
347, 86750, 0, 5018.1143999999995
347, 86800, 0, 0
347, 86850, 0, 0
347, 86900, 0, 0
347, 86950, 0, 0
348, 87000, 0, 3863.7682400000003
348, 87050, 0, 0
348, 87100, 0, 0
348, 87150, 0, 0
348, 87200, 26.666666666666668, 0
349, 87250, 28.333333333333332, 4621.30468
349, 87300, 0, 0
349, 87350, 0, 0
349, 87400, 0, 0
349, 87450, 0, 0
350, 87500, 0, 4365.048
350, 87550, 28.61904761904762, 0
350, 87600, 28.68, 0
350, 87650, 29.551724137931036, 0
350, 87700, 31.375, 0
351, 87750, 28.666666666666668, 7550.91816
351, 87800, 0, 0
351, 87850, 0, 0
351, 87900, 0, 0
351, 87950, 0, 0
352, 88000, 0, 4511.8
352, 88050, 0, 0
352, 88100, 0, 0
352, 88150, 26, 0
352, 88200, 30.51851851851852, 0
353, 88250, 29.285714285714285, 6420.453759999999
353, 88300, 0, 0
353, 88350, 0, 0
353, 88400, 26.5, 0
353, 88450, 28.318181818181817, 0
354, 88500, 28.75, 5734.691360000001
354, 88550, 0, 0
354, 88600, 0, 0
354, 88650, 0, 0
354, 88700, 0, 0
355, 88750, 0, 3790.9040000000005
355, 88800, 0, 0
355, 88850, 0, 0
355, 88900, 0, 0
355, 88950, 26.666666666666668, 0
356, 89000, 0, 4992.030199999999
356, 89050, 0, 0
356, 89100, 0, 0
356, 89150, 0, 0
356, 89200, 0, 0
357, 89250, 26, 5090.048079999999
357, 89300, 0, 0
357, 89350, 0, 0
357, 89400, 0, 0
357, 89450, 0, 0
358, 89500, 0, 5077.08
358, 89550, 0, 0
358, 89600, 0, 0
358, 89650, 0, 0
358, 89700, 0, 0
359, 89750, 0, 4390.296
359, 89800, 0, 0
359, 89850, 0, 0
359, 89900, 0, 0
359, 89950, 0, 0
360, 90000, 0, 4231.789080000001
360, 90050, 0, 0
360, 90100, 0, 0
360, 90150, 0, 0
360, 90200, 0, 0
361, 90250, 0, 4488.408000000001
361, 90300, 0, 0
361, 90350, 26, 0
361, 90400, 0, 0
361, 90450, 26, 0
362, 90500, 26, 5721.340039999999
362, 90550, 0, 0
362, 90600, 0, 0
362, 90650, 0, 0
362, 90700, 0, 0
363, 90750, 0, 5513.560000000002
363, 90800, 0, 0
363, 90850, 0, 0
363, 90900, 0, 0
363, 90950, 0, 0
364, 91000, 0, 5563.0588800000005
364, 91050, 0, 0
364, 91100, 0, 0
364, 91150, 0, 0
364, 91200, 0, 0
365, 91250, 0, 4432.76
365, 91300, 0, 0
365, 91350, 0, 0
365, 91400, 0, 0
365, 91450, 0, 0
366, 91500, 0, 4018.7119999999995
366, 91550, 0, 0
366, 91600, 0, 0
366, 91650, 0, 0
366, 91700, 0, 0
367, 91750, 0, 4895.928000000001
367, 91800, 0, 0
367, 91850, 0, 0
367, 91900, 26.46153846153846, 0
367, 91950, 0, 0
368, 92000, 0, 5614.525919999999
368, 92050, 26.285714285714285, 0
368, 92100, 27.285714285714285, 0
368, 92150, 27.9, 0
368, 92200, 31, 0
369, 92250, 31.375, 7434.8386
369, 92300, 0, 0
369, 92350, 28.714285714285715, 0
369, 92400, 29.25, 0
369, 92450, 28.73913043478261, 0
370, 92500, 27.333333333333332, 6596.029360000001
370, 92550, 0, 0
370, 92600, 0, 0
370, 92650, 0, 0
370, 92700, 0, 0
371, 92750, 0, 5085.018599999999
371, 92800, 0, 0
371, 92850, 0, 0
371, 92900, 0, 0
371, 92950, 0, 0
372, 93000, 0, 5325.379600000001
372, 93050, 0, 0
372, 93100, 0, 0
372, 93150, 0, 0
372, 93200, 0, 0
373, 93250, 0, 5609.944
373, 93300, 26, 0
373, 93350, 28.95, 0
373, 93400, 32.333333333333336, 0
373, 93450, 31.925925925925927, 0
374, 93500, 30.666666666666668, 8244.853840000002
374, 93550, 0, 0
374, 93600, 0, 0
374, 93650, 0, 0
374, 93700, 0, 0
375, 93750, 0, 3903.16
375, 93800, 0, 0
375, 93850, 0, 0
375, 93900, 0, 0
375, 93950, 0, 0
376, 94000, 0, 4339.191999999999
376, 94050, 0, 0
376, 94100, 0, 0
376, 94150, 0, 0
376, 94200, 0, 0
377, 94250, 0, 4505.496
377, 94300, 0, 0
377, 94350, 0, 0
377, 94400, 0, 0
377, 94450, 0, 0
378, 94500, 0, 5257.144
378, 94550, 0, 0
378, 94600, 0, 0
378, 94650, 0, 0
378, 94700, 0, 0
379, 94750, 0, 5022.616
379, 94800, 0, 0
379, 94850, 0, 0
379, 94900, 0, 0
379, 94950, 0, 0
380, 95000, 0, 5263.991999999999
380, 95050, 0, 0
380, 95100, 0, 0
380, 95150, 0, 0
380, 95200, 0, 0
381, 95250, 0, 3794.0720000000006
381, 95300, 0, 0
381, 95350, 0, 0
381, 95400, 0, 0
381, 95450, 0, 0
382, 95500, 0, 4908.728
382, 95550, 0, 0
382, 95600, 0, 0
382, 95650, 0, 0
382, 95700, 0, 0
383, 95750, 0, 4454.392000000001
383, 95800, 0, 0
383, 95850, 0, 0
383, 95900, 0, 0
383, 95950, 0, 0
384, 96000, 0, 4811.96
384, 96050, 0, 0
384, 96100, 0, 0
384, 96150, 0, 0
384, 96200, 0, 0
385, 96250, 0, 3957.207999999999
385, 96300, 0, 0
385, 96350, 0, 0
385, 96400, 0, 0
385, 96450, 0, 0
386, 96500, 0, 4209.432
386, 96550, 0, 0
386, 96600, 0, 0
386, 96650, 0, 0
386, 96700, 0, 0
387, 96750, 0, 3659.0319999999997
387, 96800, 0, 0
387, 96850, 0, 0
387, 96900, 0, 0
387, 96950, 0, 0
388, 97000, 0, 4713.208
388, 97050, 0, 0
388, 97100, 0, 0
388, 97150, 0, 0
388, 97200, 0, 0
389, 97250, 0, 3679.831999999999
389, 97300, 0, 0
389, 97350, 0, 0
389, 97400, 0, 0
389, 97450, 0, 0
390, 97500, 0, 4493.944
390, 97550, 27.333333333333332, 0
390, 97600, 28.09090909090909, 0
390, 97650, 26.714285714285715, 0
390, 97700, 27.692307692307693, 0
391, 97750, 27.5, 7116.156319999998
391, 97800, 0, 0
391, 97850, 0, 0
391, 97900, 0, 0
391, 97950, 0, 0
392, 98000, 0, 3828.12
392, 98050, 0, 0
392, 98100, 0, 0
392, 98150, 0, 0
392, 98200, 0, 0
393, 98250, 0, 4283.416
393, 98300, 0, 0
393, 98350, 0, 0
393, 98400, 0, 0
393, 98450, 0, 0
394, 98500, 0, 3766.6009999999997
394, 98550, 0, 0
394, 98600, 0, 0
394, 98650, 0, 0
394, 98700, 0, 0
395, 98750, 0, 4633.080000000001
395, 98800, 0, 0
395, 98850, 0, 0
395, 98900, 0, 0
395, 98950, 0, 0
396, 99000, 0, 4637.511319999999
396, 99050, 0, 0
396, 99100, 0, 0
396, 99150, 0, 0
396, 99200, 0, 0
397, 99250, 0, 3981.368
397, 99300, 0, 0
397, 99350, 0, 0
397, 99400, 0, 0
397, 99450, 0, 0
398, 99500, 0, 4253.847999999998
398, 99550, 0, 0
398, 99600, 0, 0
398, 99650, 0, 0
398, 99700, 0, 0
399, 99750, 0, 4636.376
399, 99800, 0, 0
399, 99850, 0, 0
399, 99900, 0, 0
399, 99950, 0, 0
400, 100000, 0, 4500.920000000001
400, 100050, 0, 0
400, 100100, 26.11111111111111, 0
400, 100150, 26.2, 0
400, 100200, 26.083333333333332, 0
401, 100250, 26, 6131.57968
401, 100300, 0, 0
401, 100350, 0, 0
401, 100400, 0, 0
401, 100450, 0, 0
402, 100500, 0, 3544.68656
402, 100550, 0, 0
402, 100600, 0, 0
402, 100650, 0, 0
402, 100700, 0, 0
403, 100750, 0, 3857.752
403, 100800, 0, 0
403, 100850, 0, 0
403, 100900, 0, 0
403, 100950, 0, 0
404, 101000, 0, 4641.27672
404, 101050, 27.428571428571427, 0
404, 101100, 28.15, 0
404, 101150, 29.608695652173914, 0
404, 101200, 30.333333333333332, 0
405, 101250, 26.166666666666668, 7313.529240000001
405, 101300, 0, 0
405, 101350, 0, 0
405, 101400, 0, 0
405, 101450, 0, 0
406, 101500, 0, 4452.568
406, 101550, 0, 0
406, 101600, 0, 0
406, 101650, 0, 0
406, 101700, 0, 0
407, 101750, 0, 3557.24
407, 101800, 0, 0
407, 101850, 0, 0
407, 101900, 0, 0
407, 101950, 0, 0
408, 102000, 0, 4373.72
408, 102050, 0, 0
408, 102100, 28.083333333333332, 0
408, 102150, 27.833333333333332, 0
408, 102200, 27.846153846153847, 0
409, 102250, 27.166666666666668, 7144.15076
409, 102300, 0, 0
409, 102350, 0, 0
409, 102400, 0, 0
409, 102450, 0, 0
410, 102500, 0, 4521.6196
410, 102550, 0, 0
410, 102600, 0, 0
410, 102650, 0, 0
410, 102700, 0, 0
411, 102750, 0, 3980.6960000000004
411, 102800, 0, 0
411, 102850, 0, 0
411, 102900, 0, 0
411, 102950, 0, 0
412, 103000, 0, 3914.6160000000023
412, 103050, 0, 0
412, 103100, 0, 0
412, 103150, 0, 0
412, 103200, 0, 0
413, 103250, 27.8, 5365.520839999999
413, 103300, 0, 0
413, 103350, 0, 0
413, 103400, 0, 0
413, 103450, 26.5, 0
414, 103500, 28, 5627.93944
414, 103550, 0, 0
414, 103600, 0, 0
414, 103650, 0, 0
414, 103700, 0, 0
415, 103750, 0, 3735.0319999999997
415, 103800, 0, 0
415, 103850, 28.333333333333332, 0
415, 103900, 29.0625, 0
415, 103950, 28.85, 0
416, 104000, 27, 6721.316319999999
416, 104050, 0, 0
416, 104100, 0, 0
416, 104150, 0, 0
416, 104200, 0, 0
417, 104250, 0, 5404.887999999999
417, 104300, 0, 0
417, 104350, 0, 0
417, 104400, 0, 0
417, 104450, 0, 0
418, 104500, 0, 4431.864
418, 104550, 0, 0
418, 104600, 0, 0
418, 104650, 28.866666666666667, 0
418, 104700, 27.19047619047619, 0
419, 104750, 28.6, 6305.195560000004
419, 104800, 0, 0
419, 104850, 0, 0
419, 104900, 0, 0
419, 104950, 27, 0
420, 105000, 28, 5853.04804
420, 105050, 0, 0
420, 105100, 28, 0
420, 105150, 27.625, 0
420, 105200, 26.3, 0
421, 105250, 27.5, 5681.62456
421, 105300, 0, 0
421, 105350, 0, 0
421, 105400, 0, 0
421, 105450, 0, 0
422, 105500, 0, 4260.375999999998
422, 105550, 0, 0
422, 105600, 0, 0
422, 105650, 0, 0
422, 105700, 0, 0
423, 105750, 0, 4450.296
423, 105800, 0, 0
423, 105850, 0, 0
423, 105900, 0, 0
423, 105950, 0, 0
424, 106000, 0, 4117.624000000002
424, 106050, 26.454545454545453, 0
424, 106100, 26.647058823529413, 0
424, 106150, 27.708333333333332, 0
424, 106200, 28.565217391304348, 0
425, 106250, 26.5, 7182.066679999998
425, 106300, 0, 0
425, 106350, 0, 0
425, 106400, 0, 0
425, 106450, 0, 0
426, 106500, 0, 4521.78524
426, 106550, 0, 0
426, 106600, 0, 0
426, 106650, 0, 0
426, 106700, 0, 0
427, 106750, 0, 4364.952000000001
427, 106800, 0, 0
427, 106850, 26.95, 0
427, 106900, 27, 0
427, 106950, 26.571428571428573, 0
428, 107000, 27, 6665.711639999999
428, 107050, 0, 0
428, 107100, 0, 0
428, 107150, 0, 0
428, 107200, 0, 0
429, 107250, 0, 4119.928
429, 107300, 0, 0
429, 107350, 0, 0
429, 107400, 0, 0
429, 107450, 0, 0
430, 107500, 26.666666666666668, 5147.49644
430, 107550, 0, 0
430, 107600, 0, 0
430, 107650, 0, 0
430, 107700, 0, 0
431, 107750, 0, 3836.6972399999995
431, 107800, 0, 0
431, 107850, 0, 0
431, 107900, 0, 0
431, 107950, 0, 0
432, 108000, 0, 3786.0719999999988
432, 108050, 0, 0
432, 108100, 0, 0
432, 108150, 0, 0
432, 108200, 0, 0
433, 108250, 0, 3728.6320000000005
433, 108300, 0, 0
433, 108350, 0, 0
433, 108400, 0, 0
433, 108450, 0, 0
434, 108500, 0, 4679.672000000002
434, 108550, 0, 0
434, 108600, 0, 0
434, 108650, 0, 0
434, 108700, 0, 0
435, 108750, 0, 3496.92
435, 108800, 0, 0
435, 108850, 0, 0
435, 108900, 0, 0
435, 108950, 0, 0
436, 109000, 0, 3526.0400000000004
436, 109050, 0, 0
436, 109100, 26, 0
436, 109150, 26.41176470588235, 0
436, 109200, 26.96, 0
437, 109250, 26, 6434.664640000003
437, 109300, 0, 0
437, 109350, 0, 0
437, 109400, 0, 0
437, 109450, 0, 0
438, 109500, 0, 6020.1180799999975
438, 109550, 0, 0
438, 109600, 0, 0
438, 109650, 0, 0
438, 109700, 0, 0
439, 109750, 0, 4546.05992
439, 109800, 0, 0
439, 109850, 0, 0
439, 109900, 0, 0
439, 109950, 0, 0
440, 110000, 0, 3863.352000000001
440, 110050, 0, 0
440, 110100, 0, 0
440, 110150, 0, 0
440, 110200, 0, 0
441, 110250, 0, 4714.70344
441, 110300, 0, 0
441, 110350, 0, 0
441, 110400, 0, 0
441, 110450, 0, 0
442, 110500, 0, 4208.4400000000005
442, 110550, 0, 0
442, 110600, 0, 0
442, 110650, 0, 0
442, 110700, 0, 0
443, 110750, 0, 4401.432
443, 110800, 0, 0
443, 110850, 0, 0
443, 110900, 0, 0
443, 110950, 0, 0
444, 111000, 0, 4152.376
444, 111050, 0, 0
444, 111100, 28.357142857142858, 0
444, 111150, 29.56, 0
444, 111200, 30.357142857142858, 0
445, 111250, 28.142857142857142, 6938.37816
445, 111300, 0, 0
445, 111350, 0, 0
445, 111400, 0, 0
445, 111450, 0, 0
446, 111500, 26, 3714.927400000001
446, 111550, 0, 0
446, 111600, 26, 0
446, 111650, 30, 0
446, 111700, 27.263157894736842, 0
447, 111750, 26.666666666666668, 5904.409839999999
447, 111800, 0, 0
447, 111850, 0, 0
447, 111900, 0, 0
447, 111950, 0, 0
448, 112000, 0, 3691.544
448, 112050, 0, 0
448, 112100, 0, 0
448, 112150, 0, 0
448, 112200, 0, 0
449, 112250, 0, 4328.922960000001
449, 112300, 0, 0
449, 112350, 0, 0
449, 112400, 0, 0
449, 112450, 0, 0
450, 112500, 0, 3548.184
450, 112550, 0, 0
450, 112600, 0, 0
450, 112650, 0, 0
450, 112700, 0, 0
451, 112750, 0, 3871.9600000000005
451, 112800, 0, 0
451, 112850, 0, 0
451, 112900, 0, 0
451, 112950, 0, 0
452, 113000, 0, 4772.126800000001
452, 113050, 0, 0
452, 113100, 0, 0
452, 113150, 0, 0
452, 113200, 0, 0
453, 113250, 27.333333333333332, 4851.669040000002
453, 113300, 0, 0
453, 113350, 0, 0
453, 113400, 0, 0
453, 113450, 0, 0
454, 113500, 0, 4127.992
454, 113550, 0, 0
454, 113600, 0, 0
454, 113650, 0, 0
454, 113700, 0, 0
455, 113750, 0, 3325.72
455, 113800, 0, 0
455, 113850, 0, 0
455, 113900, 0, 0
455, 113950, 0, 0
456, 114000, 0, 4059.736000000001
456, 114050, 0, 0
456, 114100, 0, 0
456, 114150, 26, 0
456, 114200, 0, 0
457, 114250, 0, 5062.41188
457, 114300, 0, 0
457, 114350, 0, 0
457, 114400, 0, 0
457, 114450, 0, 0
458, 114500, 0, 4191.32
458, 114550, 0, 0
458, 114600, 0, 0
458, 114650, 0, 0
458, 114700, 0, 0
459, 114750, 0, 4497.704000000001
459, 114800, 0, 0
459, 114850, 0, 0
459, 114900, 0, 0
459, 114950, 0, 0
460, 115000, 0, 3848.101640000001
460, 115050, 0, 0
460, 115100, 0, 0
460, 115150, 0, 0
460, 115200, 0, 0
461, 115250, 0, 3374.3279999999995
461, 115300, 0, 0
461, 115350, 0, 0
461, 115400, 0, 0
461, 115450, 0, 0
462, 115500, 0, 3635.864
462, 115550, 0, 0
462, 115600, 0, 0
462, 115650, 0, 0
462, 115700, 0, 0
463, 115750, 0, 3787.39168
463, 115800, 0, 0
463, 115850, 0, 0
463, 115900, 0, 0
463, 115950, 0, 0
464, 116000, 0, 3873.2719999999995
464, 116050, 0, 0
464, 116100, 0, 0
464, 116150, 0, 0
464, 116200, 0, 0
465, 116250, 0, 3939.0959999999995
465, 116300, 0, 0
465, 116350, 0, 0
465, 116400, 0, 0
465, 116450, 0, 0
466, 116500, 0, 4563.24512
466, 116550, 0, 0
466, 116600, 0, 0
466, 116650, 0, 0
466, 116700, 0, 0
467, 116750, 0, 4585.019200000001
467, 116800, 0, 0
467, 116850, 26, 0
467, 116900, 26.708333333333332, 0
467, 116950, 37.794871794871796, 0
468, 117000, 32.2, 7691.8077600000015
468, 117050, 0, 0
468, 117100, 0, 0
468, 117150, 0, 0
468, 117200, 0, 0
469, 117250, 0, 3917.944000000001
469, 117300, 0, 0
469, 117350, 0, 0
469, 117400, 0, 0
469, 117450, 0, 0
470, 117500, 0, 4119.176960000001
470, 117550, 0, 0
470, 117600, 0, 0
470, 117650, 0, 0
470, 117700, 0, 0
471, 117750, 0, 4349.755559999999
471, 117800, 0, 0
471, 117850, 0, 0
471, 117900, 0, 0
471, 117950, 0, 0
472, 118000, 0, 3446.84
472, 118050, 0, 0
472, 118100, 0, 0
472, 118150, 26, 0
472, 118200, 0, 0
473, 118250, 0, 4982.74812
473, 118300, 0, 0
473, 118350, 0, 0
473, 118400, 0, 0
473, 118450, 0, 0
474, 118500, 0, 3930.3919999999994
474, 118550, 0, 0
474, 118600, 0, 0
474, 118650, 0, 0
474, 118700, 0, 0
475, 118750, 0, 3711.48
475, 118800, 0, 0
475, 118850, 0, 0
475, 118900, 26.428571428571427, 0
475, 118950, 0, 0
476, 119000, 0, 5130.16412
476, 119050, 0, 0
476, 119100, 27.875, 0
476, 119150, 34, 0
476, 119200, 35.22222222222222, 0
477, 119250, 31.615384615384617, 7924.918320000001
477, 119300, 0, 0
477, 119350, 0, 0
477, 119400, 0, 0
477, 119450, 0, 0
478, 119500, 0, 4261.1759999999995
478, 119550, 0, 0
478, 119600, 0, 0
478, 119650, 0, 0
478, 119700, 0, 0
479, 119750, 0, 4271.646399999999
479, 119800, 0, 0
479, 119850, 0, 0
479, 119900, 28.1, 0
479, 119950, 28.88, 0
480, 120000, 27.714285714285715, 5669.868680000001
480, 120050, 0, 0
480, 120100, 0, 0
480, 120150, 0, 0
480, 120200, 0, 0
481, 120250, 0, 4128.792
481, 120300, 0, 0
481, 120350, 0, 0
481, 120400, 0, 0
481, 120450, 0, 0
482, 120500, 0, 4157.30564
482, 120550, 0, 0
482, 120600, 0, 0
482, 120650, 0, 0
482, 120700, 0, 0
483, 120750, 0, 3661.4320000000007
483, 120800, 0, 0
483, 120850, 0, 0
483, 120900, 0, 0
483, 120950, 0, 0
484, 121000, 28.333333333333332, 4405.821240000001
484, 121050, 0, 0
484, 121100, 26, 0
484, 121150, 27.5, 0
484, 121200, 26.636363636363637, 0
485, 121250, 27.4, 5787.813280000002
485, 121300, 0, 0
485, 121350, 0, 0
485, 121400, 0, 0
485, 121450, 0, 0
486, 121500, 0, 4228.024
486, 121550, 0, 0
486, 121600, 0, 0
486, 121650, 0, 0
486, 121700, 29.45, 0
487, 121750, 27.8, 5247.43596
487, 121800, 0, 0
487, 121850, 0, 0
487, 121900, 0, 0
487, 121950, 0, 0
488, 122000, 0, 4519.497400000001
488, 122050, 0, 0
488, 122100, 0, 0
488, 122150, 0, 0
488, 122200, 0, 0
489, 122250, 0, 4496.056000000001
489, 122300, 0, 0
489, 122350, 0, 0
489, 122400, 0, 0
489, 122450, 0, 0
490, 122500, 0, 4404.056279999999
490, 122550, 0, 0
490, 122600, 0, 0
490, 122650, 28.608695652173914, 0
490, 122700, 26.11111111111111, 0
491, 122750, 27, 5249.41856
491, 122800, 0, 0
491, 122850, 27.470588235294116, 0
491, 122900, 26.35, 0
491, 122950, 0, 0
492, 123000, 0, 5193.638320000002
492, 123050, 0, 0
492, 123100, 0, 0
492, 123150, 0, 0
492, 123200, 0, 0
493, 123250, 0, 3610.8399999999992
493, 123300, 0, 0
493, 123350, 0, 0
493, 123400, 0, 0
493, 123450, 0, 0
494, 123500, 0, 4027.2239999999997
494, 123550, 0, 0
494, 123600, 0, 0
494, 123650, 0, 0
494, 123700, 0, 0
495, 123750, 0, 4064.4080000000004
495, 123800, 0, 0
495, 123850, 0, 0
495, 123900, 0, 0
495, 123950, 0, 0
496, 124000, 0, 3710.4559999999997
496, 124050, 0, 0
496, 124100, 0, 0
496, 124150, 0, 0
496, 124200, 0, 0
497, 124250, 0, 3469.9120000000007
497, 124300, 0, 0
497, 124350, 0, 0
497, 124400, 0, 0
497, 124450, 0, 0
498, 124500, 0, 3840.152
498, 124550, 0, 0
498, 124600, 0, 0
498, 124650, 0, 0
498, 124700, 0, 0
499, 124750, 0, 4181.97024
499, 124800, 0, 0
499, 124850, 0, 0
499, 124900, 0, 0
499, 124950, 0, 0
500, 125000, 0, 4073.5919999999987
