--------------------------------------------------------------------------------
TIMESTAMP: 01:19:35.893 PM 16-Jun-2022
PARAMS:
  population 0
  wiggle-angle 45
  look-ahead 1
  sniff-threshold 0.9
  sniff-angle 45
  chemical-drop 3
  diffuse-share 1
  evaporation-rate 0.95
  cluster-threshold 25
  cluster-radius 10
  learning-turtles 50
  ticks-per-episode 250
  episodes 500
  learning-rate 0.9
  discount-factor 0.9
  reward 100
  penalty -1
  e-greedy 0.5 0.9
ACTION SPACE: move-toward-chemical random-walk drop-chemical
OBSERVATION SPACE: chemical-here in-cluster
REWARD: rewardFunc8
--------------------------------------------------------------------------------
Episode, Tick, Avg custer size X tick, Avg reward X episode, Actions distribution
0, 50, 0, 0
0, 100, 0, 0
0, 150, 0, 0
0, 200, 26, 0
1, 250, 0, 4451.400095360001
1, 300, 0, 0
1, 350, 0, 0
1, 400, 0, 0
1, 450, 26.75, 0
2, 500, 26, 4491.2621024
2, 550, 0, 0
2, 600, 0, 0
2, 650, 0, 0
2, 700, 0, 0
3, 750, 0, 4097.82223776
3, 800, 0, 0
3, 850, 0, 0
3, 900, 0, 0
3, 950, 0, 0
4, 1000, 26, 4920.594008000001
4, 1050, 0, 0
4, 1100, 0, 0
4, 1150, 0, 0
4, 1200, 0, 0
5, 1250, 0, 4227.608
5, 1300, 0, 0
5, 1350, 26.75, 0
5, 1400, 27.571428571428573, 0
5, 1450, 27.5, 0
6, 1500, 29.8, 5682.818997439999
6, 1550, 0, 0
6, 1600, 0, 0
6, 1650, 0, 0
6, 1700, 0, 0
7, 1750, 0, 3637.3360000000002
7, 1800, 0, 0
7, 1850, 0, 0
7, 1900, 0, 0
7, 1950, 0, 0
8, 2000, 0, 4240.193272640001
8, 2050, 0, 0
8, 2100, 0, 0
8, 2150, 0, 0
8, 2200, 0, 0
9, 2250, 0, 4117.688
9, 2300, 0, 0
9, 2350, 0, 0
9, 2400, 0, 0
9, 2450, 0, 0
10, 2500, 0, 3361.4959999999996
10, 2550, 0, 0
10, 2600, 0, 0
10, 2650, 0, 0
10, 2700, 0, 0
11, 2750, 0, 4202.103999999999
11, 2800, 0, 0
11, 2850, 0, 0
11, 2900, 0, 0
11, 2950, 0, 0
12, 3000, 0, 3907.1600000000008
12, 3050, 0, 0
12, 3100, 0, 0
12, 3150, 0, 0
12, 3200, 0, 0
13, 3250, 0, 4381.97667872
13, 3300, 0, 0
13, 3350, 0, 0
13, 3400, 0, 0
13, 3450, 0, 0
14, 3500, 0, 4210.552
14, 3550, 0, 0
14, 3600, 0, 0
14, 3650, 0, 0
14, 3700, 0, 0
15, 3750, 0, 3878.3600000000006
15, 3800, 0, 0
15, 3850, 0, 0
15, 3900, 0, 0
15, 3950, 0, 0
16, 4000, 0, 4716.98800768
16, 4050, 0, 0
16, 4100, 0, 0
16, 4150, 0, 0
16, 4200, 0, 0
17, 4250, 0, 4699.8085324799995
17, 4300, 0, 0
17, 4350, 26.333333333333332, 0
17, 4400, 27.46153846153846, 0
17, 4450, 29.444444444444443, 0
18, 4500, 29, 5838.06323904
18, 4550, 0, 0
18, 4600, 0, 0
18, 4650, 0, 0
18, 4700, 0, 0
19, 4750, 0, 3914.072
19, 4800, 0, 0
19, 4850, 0, 0
19, 4900, 0, 0
19, 4950, 0, 0
20, 5000, 0, 4831.13504576
20, 5050, 0, 0
20, 5100, 0, 0
20, 5150, 0, 0
20, 5200, 0, 0
21, 5250, 0, 3674.263999999999
21, 5300, 0, 0
21, 5350, 0, 0
21, 5400, 0, 0
21, 5450, 0, 0
22, 5500, 0, 3667.0959999999995
22, 5550, 0, 0
22, 5600, 0, 0
22, 5650, 0, 0
22, 5700, 0, 0
23, 5750, 0, 3995.192000000001
23, 5800, 0, 0
23, 5850, 0, 0
23, 5900, 0, 0
23, 5950, 0, 0
24, 6000, 26, 3904.56803232
24, 6050, 0, 0
24, 6100, 0, 0
24, 6150, 0, 0
24, 6200, 0, 0
25, 6250, 0, 4586.812095040001
25, 6300, 0, 0
25, 6350, 0, 0
25, 6400, 0, 0
25, 6450, 0, 0
26, 6500, 0, 4136.568000000001
26, 6550, 0, 0
26, 6600, 0, 0
26, 6650, 0, 0
26, 6700, 0, 0
27, 6750, 0, 4742.744
27, 6800, 0, 0
27, 6850, 0, 0
27, 6900, 0, 0
27, 6950, 0, 0
28, 7000, 0, 4199.8
28, 7050, 0, 0
28, 7100, 0, 0
28, 7150, 0, 0
28, 7200, 28.5, 0
29, 7250, 0, 4601.449672640001
29, 7300, 0, 0
29, 7350, 0, 0
29, 7400, 0, 0
29, 7450, 0, 0
30, 7500, 0, 5092.9235456
30, 7550, 0, 0
30, 7600, 0, 0
30, 7650, 0, 0
30, 7700, 26.166666666666668, 0
31, 7750, 0, 4742.3389308800015
31, 7800, 0, 0
31, 7850, 26, 0
31, 7900, 27.4, 0
31, 7950, 29.77777777777778, 0
32, 8000, 28.25, 5640.356044800003
32, 8050, 0, 0
32, 8100, 0, 0
32, 8150, 0, 0
32, 8200, 0, 0
33, 8250, 0, 4361.911999999999
33, 8300, 0, 0
33, 8350, 0, 0
33, 8400, 0, 0
33, 8450, 0, 0
34, 8500, 0, 4218.648
34, 8550, 0, 0
34, 8600, 0, 0
34, 8650, 0, 0
34, 8700, 27.65, 0
35, 8750, 0, 5175.191759040001
35, 8800, 0, 0
35, 8850, 0, 0
35, 8900, 0, 0
35, 8950, 0, 0
36, 9000, 0, 4212.313551360002
36, 9050, 0, 0
36, 9100, 0, 0
36, 9150, 0, 0
36, 9200, 0, 0
37, 9250, 0, 3802.488
37, 9300, 0, 0
37, 9350, 0, 0
37, 9400, 0, 0
37, 9450, 0, 0
38, 9500, 0, 3954.0080000000003
38, 9550, 0, 0
38, 9600, 0, 0
38, 9650, 0, 0
38, 9700, 27, 0
39, 9750, 29, 4629.439389120002
39, 9800, 0, 0
39, 9850, 0, 0
39, 9900, 0, 0
39, 9950, 0, 0
40, 10000, 0, 4006.0080000000003
40, 10050, 0, 0
40, 10100, 0, 0
40, 10150, 0, 0
40, 10200, 0, 0
41, 10250, 0, 4220.344000000001
41, 10300, 0, 0
41, 10350, 0, 0
41, 10400, 0, 0
41, 10450, 0, 0
42, 10500, 0, 3915.991999999999
42, 10550, 0, 0
42, 10600, 0, 0
42, 10650, 0, 0
42, 10700, 0, 0
43, 10750, 0, 4151.767999999999
43, 10800, 0, 0
43, 10850, 0, 0
43, 10900, 0, 0
43, 10950, 0, 0
44, 11000, 0, 4094.0399999999995
44, 11050, 0, 0
44, 11100, 0, 0
44, 11150, 0, 0
44, 11200, 0, 0
45, 11250, 0, 4581.047999999999
45, 11300, 0, 0
45, 11350, 0, 0
45, 11400, 0, 0
45, 11450, 0, 0
46, 11500, 0, 3881.6240000000016
46, 11550, 0, 0
46, 11600, 0, 0
46, 11650, 0, 0
46, 11700, 0, 0
47, 11750, 0, 4587.223999999999
47, 11800, 0, 0
47, 11850, 0, 0
47, 11900, 0, 0
47, 11950, 0, 0
48, 12000, 0, 4431.192
48, 12050, 0, 0
48, 12100, 0, 0
48, 12150, 0, 0
48, 12200, 0, 0
49, 12250, 0, 4586.392000000002
49, 12300, 0, 0
49, 12350, 0, 0
49, 12400, 0, 0
49, 12450, 0, 0
50, 12500, 0, 4201.528000000002
50, 12550, 0, 0
50, 12600, 0, 0
50, 12650, 0, 0
50, 12700, 0, 0
51, 12750, 0, 4815.0960000000005
51, 12800, 0, 0
51, 12850, 0, 0
51, 12900, 0, 0
51, 12950, 0, 0
52, 13000, 0, 3647.8320000000003
52, 13050, 0, 0
52, 13100, 0, 0
52, 13150, 0, 0
52, 13200, 0, 0
53, 13250, 0, 3930.5988995199987
53, 13300, 0, 0
53, 13350, 0, 0
53, 13400, 0, 0
53, 13450, 0, 0
54, 13500, 0, 4099.992
54, 13550, 0, 0
54, 13600, 0, 0
54, 13650, 0, 0
54, 13700, 0, 0
55, 13750, 0, 4679.448
55, 13800, 0, 0
55, 13850, 0, 0
55, 13900, 0, 0
55, 13950, 0, 0
56, 14000, 0, 3817.6880000000006
56, 14050, 0, 0
56, 14100, 0, 0
56, 14150, 0, 0
56, 14200, 0, 0
57, 14250, 0, 4029.6560000000004
57, 14300, 0, 0
57, 14350, 0, 0
57, 14400, 0, 0
57, 14450, 0, 0
58, 14500, 0, 3906.3280000000004
58, 14550, 0, 0
58, 14600, 0, 0
58, 14650, 0, 0
58, 14700, 0, 0
59, 14750, 0, 3955.0000000000014
59, 14800, 0, 0
59, 14850, 0, 0
59, 14900, 0, 0
59, 14950, 0, 0
60, 15000, 0, 4956.568000000001
60, 15050, 0, 0
60, 15100, 0, 0
60, 15150, 0, 0
60, 15200, 0, 0
61, 15250, 0, 3847.383999999999
61, 15300, 0, 0
61, 15350, 0, 0
61, 15400, 0, 0
61, 15450, 0, 0
62, 15500, 0, 3863.800000000001
62, 15550, 0, 0
62, 15600, 0, 0
62, 15650, 28, 0
62, 15700, 27.714285714285715, 0
63, 15750, 28, 4663.557710720002
63, 15800, 0, 0
63, 15850, 0, 0
63, 15900, 0, 0
63, 15950, 0, 0
64, 16000, 0, 3901.4640000000013
64, 16050, 0, 0
64, 16100, 0, 0
64, 16150, 0, 0
64, 16200, 0, 0
65, 16250, 0, 3440.0239999999994
65, 16300, 0, 0
65, 16350, 0, 0
65, 16400, 0, 0
65, 16450, 0, 0
66, 16500, 0, 3189.9120000000007
66, 16550, 0, 0
66, 16600, 0, 0
66, 16650, 0, 0
66, 16700, 0, 0
67, 16750, 0, 3383.2560000000003
67, 16800, 0, 0
67, 16850, 0, 0
67, 16900, 0, 0
67, 16950, 0, 0
68, 17000, 0, 3831.384840320001
68, 17050, 0, 0
68, 17100, 0, 0
68, 17150, 0, 0
68, 17200, 0, 0
69, 17250, 0, 3804.9840000000004
69, 17300, 0, 0
69, 17350, 0, 0
69, 17400, 0, 0
69, 17450, 0, 0
70, 17500, 0, 4056.9839999999995
70, 17550, 0, 0
70, 17600, 0, 0
70, 17650, 0, 0
70, 17700, 0, 0
71, 17750, 0, 3969.303999999999
71, 17800, 0, 0
71, 17850, 0, 0
71, 17900, 0, 0
71, 17950, 0, 0
72, 18000, 0, 3699.7999999999993
72, 18050, 0, 0
72, 18100, 0, 0
72, 18150, 0, 0
72, 18200, 0, 0
73, 18250, 0, 3676.631999999999
73, 18300, 0, 0
73, 18350, 0, 0
73, 18400, 0, 0
73, 18450, 0, 0
74, 18500, 0, 4126.968000000001
74, 18550, 0, 0
74, 18600, 0, 0
74, 18650, 0, 0
74, 18700, 0, 0
75, 18750, 0, 4155.352000000001
75, 18800, 27.58823529411765, 0
75, 18850, 27.666666666666668, 0
75, 18900, 26.5, 0
75, 18950, 27.6, 0
76, 19000, 28.333333333333332, 5918.894559359997
76, 19050, 0, 0
76, 19100, 0, 0
76, 19150, 0, 0
76, 19200, 0, 0
77, 19250, 0, 4304.984
77, 19300, 0, 0
77, 19350, 0, 0
77, 19400, 0, 0
77, 19450, 0, 0
78, 19500, 0, 4863.064000000001
78, 19550, 0, 0
78, 19600, 0, 0
78, 19650, 0, 0
78, 19700, 0, 0
79, 19750, 0, 4049.303999999999
79, 19800, 0, 0
79, 19850, 0, 0
79, 19900, 0, 0
79, 19950, 0, 0
80, 20000, 0, 4436.0560000000005
80, 20050, 0, 0
80, 20100, 0, 0
80, 20150, 0, 0
80, 20200, 0, 0
81, 20250, 0, 3355.4160000000015
81, 20300, 0, 0
81, 20350, 0, 0
81, 20400, 0, 0
81, 20450, 0, 0
82, 20500, 0, 3959.767999999999
82, 20550, 0, 0
82, 20600, 0, 0
82, 20650, 0, 0
82, 20700, 0, 0
83, 20750, 0, 3802.776
83, 20800, 26.88235294117647, 0
83, 20850, 0, 0
83, 20900, 0, 0
83, 20950, 0, 0
84, 21000, 0, 6160.256924800005
84, 21050, 0, 0
84, 21100, 0, 0
84, 21150, 0, 0
84, 21200, 0, 0
85, 21250, 0, 5243.607999999999
85, 21300, 26.625, 0
85, 21350, 28.666666666666668, 0
85, 21400, 29.181818181818183, 0
85, 21450, 30.357142857142858, 0
86, 21500, 26.5, 7604.104294080002
86, 21550, 0, 0
86, 21600, 0, 0
86, 21650, 0, 0
86, 21700, 0, 0
87, 21750, 0, 4931.519495039998
87, 21800, 0, 0
87, 21850, 0, 0
87, 21900, 0, 0
87, 21950, 0, 0
88, 22000, 0, 5880.663999999999
88, 22050, 0, 0
88, 22100, 0, 0
88, 22150, 0, 0
88, 22200, 0, 0
89, 22250, 0, 6013.016
89, 22300, 26.818181818181817, 0
89, 22350, 30.24137931034483, 0
89, 22400, 29.966666666666665, 0
89, 22450, 29.62962962962963, 0
90, 22500, 27, 7522.053635200002
90, 22550, 0, 0
90, 22600, 0, 0
90, 22650, 0, 0
90, 22700, 0, 0
91, 22750, 0, 7561.911999999999
91, 22800, 0, 0
91, 22850, 0, 0
91, 22900, 0, 0
91, 22950, 0, 0
92, 23000, 0, 3997.3039999999996
92, 23050, 0, 0
92, 23100, 0, 0
92, 23150, 0, 0
92, 23200, 0, 0
93, 23250, 0, 6070.007999999997
93, 23300, 0, 0
93, 23350, 0, 0
93, 23400, 0, 0
93, 23450, 0, 0
94, 23500, 0, 6674.232
94, 23550, 0, 0
94, 23600, 0, 0
94, 23650, 0, 0
94, 23700, 0, 0
95, 23750, 0, 5746.29945824
95, 23800, 0, 0
95, 23850, 0, 0
95, 23900, 0, 0
95, 23950, 0, 0
96, 24000, 0, 5850.488000000001
96, 24050, 0, 0
96, 24100, 0, 0
96, 24150, 0, 0
96, 24200, 0, 0
97, 24250, 0, 4901.240000000001
97, 24300, 27, 0
97, 24350, 27.72222222222222, 0
97, 24400, 29, 0
97, 24450, 28.1, 0
98, 24500, 28.4, 7291.081168320001
98, 24550, 0, 0
98, 24600, 0, 0
98, 24650, 0, 0
98, 24700, 0, 0
99, 24750, 0, 7412.152064639999
99, 24800, 0, 0
99, 24850, 28.4, 0
99, 24900, 27.625, 0
99, 24950, 27.857142857142858, 0
100, 25000, 0, 6905.609448319999
100, 25050, 0, 0
100, 25100, 0, 0
100, 25150, 0, 0
100, 25200, 26, 0
101, 25250, 0, 5156.369755840004
101, 25300, 0, 0
101, 25350, 0, 0
101, 25400, 26, 0
101, 25450, 0, 0
102, 25500, 0, 6652.593780800004
102, 25550, 27.428571428571427, 0
102, 25600, 27, 0
102, 25650, 27.09090909090909, 0
102, 25700, 27.333333333333332, 0
103, 25750, 26.333333333333332, 6658.016992000002
103, 25800, 26, 0
103, 25850, 27, 0
103, 25900, 26, 0
103, 25950, 0, 0
104, 26000, 0, 5625.763376320006
104, 26050, 0, 0
104, 26100, 0, 0
104, 26150, 0, 0
104, 26200, 0, 0
105, 26250, 0, 7514.694576320001
105, 26300, 0, 0
105, 26350, 28.0625, 0
105, 26400, 29, 0
105, 26450, 28.285714285714285, 0
106, 26500, 28, 6936.269158399996
106, 26550, 29.916666666666668, 0
106, 26600, 29, 0
106, 26650, 30.09090909090909, 0
106, 26700, 31.05263157894737, 0
107, 26750, 30.142857142857142, 8385.079154879997
107, 26800, 0, 0
107, 26850, 0, 0
107, 26900, 0, 0
107, 26950, 0, 0
108, 27000, 0, 5839.19011904
108, 27050, 33, 0
108, 27100, 30.61111111111111, 0
108, 27150, 29.94736842105263, 0
108, 27200, 28, 0
109, 27250, 0, 8062.7810656
109, 27300, 33.464285714285715, 0
109, 27350, 28.133333333333333, 0
109, 27400, 32.89655172413793, 0
109, 27450, 30.782608695652176, 0
110, 27500, 29.333333333333332, 8549.412101759995
110, 27550, 29.208333333333332, 0
110, 27600, 32.96551724137931, 0
110, 27650, 33.214285714285715, 0
110, 27700, 32.90625, 0
111, 27750, 30, 9738.935204159998
111, 27800, 28.227272727272727, 0
111, 27850, 28.35, 0
111, 27900, 26.666666666666668, 0
111, 27950, 29.6875, 0
112, 28000, 29.571428571428573, 8145.840892160003
112, 28050, 35.24390243902439, 0
112, 28100, 33.37931034482759, 0
112, 28150, 30.59090909090909, 0
112, 28200, 33.392857142857146, 0
113, 28250, 31, 10208.896701759997
113, 28300, 30.608695652173914, 0
113, 28350, 28.636363636363637, 0
113, 28400, 29.61111111111111, 0
113, 28450, 28.76923076923077, 0
114, 28500, 28, 8222.771227840003
114, 28550, 32.81818181818182, 0
114, 28600, 31.454545454545453, 0
114, 28650, 32.75, 0
114, 28700, 32.214285714285715, 0
115, 28750, 29.166666666666668, 8805.514826560007
115, 28800, 29.666666666666668, 0
115, 28850, 31.227272727272727, 0
115, 28900, 32.11538461538461, 0
115, 28950, 34.214285714285715, 0
116, 29000, 28.125, 8717.877981120006
116, 29050, 32.708333333333336, 0
116, 29100, 29.0625, 0
116, 29150, 28.333333333333332, 0
116, 29200, 29.571428571428573, 0
117, 29250, 29.5, 8808.839401920004
117, 29300, 34.85294117647059, 0
117, 29350, 32.833333333333336, 0
117, 29400, 31.5, 0
117, 29450, 29.85, 0
118, 29500, 28.666666666666668, 9556.00550752
118, 29550, 32.52173913043478, 0
118, 29600, 33.68181818181818, 0
118, 29650, 30.842105263157894, 0
118, 29700, 30.95, 0
119, 29750, 27, 8914.956129600001
119, 29800, 30.61111111111111, 0
119, 29850, 31.857142857142858, 0
119, 29900, 31.2, 0
119, 29950, 28.11111111111111, 0
120, 30000, 28, 7826.289446720006
120, 30050, 0, 0
120, 30100, 0, 0
120, 30150, 0, 0
120, 30200, 0, 0
121, 30250, 0, 5206.967999999999
121, 30300, 30.952380952380953, 0
121, 30350, 30.625, 0
121, 30400, 32.25, 0
121, 30450, 30.75, 0
122, 30500, 28, 7705.777600000009
122, 30550, 28.444444444444443, 0
122, 30600, 27.615384615384617, 0
122, 30650, 26.428571428571427, 0
122, 30700, 27.375, 0
123, 30750, 27.5, 7619.585506559999
123, 30800, 26, 0
123, 30850, 26, 0
123, 30900, 26, 0
123, 30950, 26, 0
124, 31000, 0, 6341.014288
124, 31050, 0, 0
124, 31100, 0, 0
124, 31150, 0, 0
124, 31200, 0, 0
125, 31250, 0, 6785.272
125, 31300, 0, 0
125, 31350, 26.7, 0
125, 31400, 31.08, 0
125, 31450, 30.352941176470587, 0
126, 31500, 28.285714285714285, 8316.187092480002
126, 31550, 28.5, 0
126, 31600, 29.125, 0
126, 31650, 29.4, 0
126, 31700, 30.545454545454547, 0
127, 31750, 31, 7425.163312319999
127, 31800, 27, 0
127, 31850, 0, 0
127, 31900, 0, 0
127, 31950, 27, 0
128, 32000, 0, 6286.329225280001
128, 32050, 0, 0
128, 32100, 26, 0
128, 32150, 26, 0
128, 32200, 0, 0
129, 32250, 0, 7352.3695843200085
129, 32300, 28.8125, 0
129, 32350, 29.45, 0
129, 32400, 29.76923076923077, 0
129, 32450, 28.22222222222222, 0
130, 32500, 29, 7972.997838720004
130, 32550, 0, 0
130, 32600, 0, 0
130, 32650, 0, 0
130, 32700, 0, 0
131, 32750, 0, 5189.6147824
131, 32800, 0, 0
131, 32850, 0, 0
131, 32900, 0, 0
131, 32950, 0, 0
132, 33000, 0, 5103.832000000001
132, 33050, 0, 0
132, 33100, 0, 0
132, 33150, 0, 0
132, 33200, 0, 0
133, 33250, 0, 5042.648000000001
133, 33300, 0, 0
133, 33350, 0, 0
133, 33400, 0, 0
133, 33450, 0, 0
134, 33500, 0, 5429.875730560002
134, 33550, 0, 0
134, 33600, 0, 0
134, 33650, 0, 0
134, 33700, 0, 0
135, 33750, 0, 5915.6720000000005
135, 33800, 0, 0
135, 33850, 0, 0
135, 33900, 0, 0
135, 33950, 0, 0
136, 34000, 0, 5800.631999999999
136, 34050, 28.65, 0
136, 34100, 29, 0
136, 34150, 29.3125, 0
136, 34200, 29.6, 0
137, 34250, 28.2, 7374.880228159998
137, 34300, 28.875, 0
137, 34350, 27.25, 0
137, 34400, 27, 0
137, 34450, 27.333333333333332, 0
138, 34500, 0, 5337.946753920001
138, 34550, 0, 0
138, 34600, 0, 0
138, 34650, 0, 0
138, 34700, 0, 0
139, 34750, 0, 5286.040000000001
139, 34800, 0, 0
139, 34850, 0, 0
139, 34900, 0, 0
139, 34950, 0, 0
140, 35000, 0, 5200.887999999999
140, 35050, 26, 0
140, 35100, 0, 0
140, 35150, 26, 0
140, 35200, 27.5, 0
141, 35250, 0, 5880.935116800002
141, 35300, 27.857142857142858, 0
141, 35350, 26.818181818181817, 0
141, 35400, 27, 0
141, 35450, 28, 0
142, 35500, 0, 7260.064162880003
142, 35550, 0, 0
142, 35600, 0, 0
142, 35650, 0, 0
142, 35700, 26, 0
143, 35750, 0, 7742.427455039999
143, 35800, 0, 0
143, 35850, 0, 0
143, 35900, 0, 0
143, 35950, 26, 0
144, 36000, 0, 7708.32738464
144, 36050, 0, 0
144, 36100, 0, 0
144, 36150, 0, 0
144, 36200, 26, 0
145, 36250, 0, 7674.514964800001
145, 36300, 26, 0
145, 36350, 26, 0
145, 36400, 26, 0
145, 36450, 26, 0
146, 36500, 0, 6800.542847040006
146, 36550, 28.5, 0
146, 36600, 26, 0
146, 36650, 27.5, 0
146, 36700, 28.75, 0
147, 36750, 0, 7851.865257280003
147, 36800, 0, 0
147, 36850, 26.166666666666668, 0
147, 36900, 26, 0
147, 36950, 27, 0
148, 37000, 0, 7343.124119360003
148, 37050, 29, 0
148, 37100, 30.333333333333332, 0
148, 37150, 29.666666666666668, 0
148, 37200, 29.875, 0
149, 37250, 28, 7371.177080960004
149, 37300, 26.5, 0
149, 37350, 27.285714285714285, 0
149, 37400, 27.444444444444443, 0
149, 37450, 26.666666666666668, 0
150, 37500, 0, 7234.118946560005
150, 37550, 29.636363636363637, 0
150, 37600, 29.75, 0
150, 37650, 31.818181818181817, 0
150, 37700, 30.4, 0
151, 37750, 28, 7216.0072355200045
151, 37800, 27.625, 0
151, 37850, 27, 0
151, 37900, 27, 0
151, 37950, 33, 0
152, 38000, 0, 7054.270545280009
152, 38050, 29.416666666666668, 0
152, 38100, 27, 0
152, 38150, 30.166666666666668, 0
152, 38200, 27.68421052631579, 0
153, 38250, 28.666666666666668, 8348.613172160003
153, 38300, 30.75, 0
153, 38350, 30.357142857142858, 0
153, 38400, 29.608695652173914, 0
153, 38450, 28.90909090909091, 0
154, 38500, 30.333333333333332, 8956.54483744
154, 38550, 29.066666666666666, 0
154, 38600, 31.25, 0
154, 38650, 31.1875, 0
154, 38700, 32.75, 0
155, 38750, 26, 8389.217149120008
155, 38800, 32.166666666666664, 0
155, 38850, 32.77142857142857, 0
155, 38900, 33.064516129032256, 0
155, 38950, 30.916666666666668, 0
156, 39000, 29.25, 8886.491922239999
156, 39050, 31.9, 0
156, 39100, 29.25, 0
156, 39150, 30.8125, 0
156, 39200, 31, 0
157, 39250, 27, 8980.979860480002
157, 39300, 29.545454545454547, 0
157, 39350, 28.210526315789473, 0
157, 39400, 27.6, 0
157, 39450, 0, 0
158, 39500, 0, 8348.911848000003
158, 39550, 33, 0
158, 39600, 29.38888888888889, 0
158, 39650, 29.5, 0
158, 39700, 29.88888888888889, 0
159, 39750, 28.8, 8703.60604192
159, 39800, 30, 0
159, 39850, 30.38888888888889, 0
159, 39900, 30.285714285714285, 0
159, 39950, 27.6, 0
160, 40000, 27, 8137.176795840007
160, 40050, 0, 0
160, 40100, 0, 0
160, 40150, 0, 0
160, 40200, 0, 0
161, 40250, 0, 7865.206603840006
161, 40300, 27, 0
161, 40350, 31.8, 0
161, 40400, 28.625, 0
161, 40450, 28.6, 0
162, 40500, 27.4, 7530.894781119998
162, 40550, 30.65625, 0
162, 40600, 36.05555555555556, 0
162, 40650, 30.939393939393938, 0
162, 40700, 33.970588235294116, 0
163, 40750, 30.9, 10544.903227199999
163, 40800, 36.35897435897436, 0
163, 40850, 30.73913043478261, 0
163, 40900, 31.517241379310345, 0
163, 40950, 31.925925925925927, 0
164, 41000, 27, 9325.238161279996
164, 41050, 33.74074074074074, 0
164, 41100, 28, 0
164, 41150, 28.75, 0
164, 41200, 29.375, 0
165, 41250, 29.666666666666668, 8150.035312639998
165, 41300, 29.866666666666667, 0
165, 41350, 30.38095238095238, 0
165, 41400, 29.727272727272727, 0
165, 41450, 32, 0
166, 41500, 26, 8197.751246719994
166, 41550, 28.666666666666668, 0
166, 41600, 28.833333333333332, 0
166, 41650, 26, 0
166, 41700, 0, 0
167, 41750, 0, 7288.195335680004
167, 41800, 28, 0
167, 41850, 30.466666666666665, 0
167, 41900, 28.25, 0
167, 41950, 27.5, 0
168, 42000, 28, 8319.320392640002
168, 42050, 31.08, 0
168, 42100, 28.8125, 0
168, 42150, 27.857142857142858, 0
168, 42200, 30, 0
169, 42250, 32.5, 8365.7666832
169, 42300, 26.666666666666668, 0
169, 42350, 0, 0
169, 42400, 27.5, 0
169, 42450, 26.333333333333332, 0
170, 42500, 0, 7182.121409600001
170, 42550, 30.40909090909091, 0
170, 42600, 28.833333333333332, 0
170, 42650, 27.5, 0
170, 42700, 28.6, 0
171, 42750, 27, 8510.10971936
171, 42800, 26.454545454545453, 0
171, 42850, 26.5, 0
171, 42900, 0, 0
171, 42950, 26, 0
172, 43000, 0, 8259.799339520005
172, 43050, 33.19444444444444, 0
172, 43100, 29.272727272727273, 0
172, 43150, 29.45, 0
172, 43200, 30.94736842105263, 0
173, 43250, 28.8, 9247.03917376
173, 43300, 31.55, 0
173, 43350, 29.85185185185185, 0
173, 43400, 27.869565217391305, 0
173, 43450, 29.25, 0
174, 43500, 27, 9223.50996256
174, 43550, 30.178571428571427, 0
174, 43600, 27.2, 0
174, 43650, 29.88888888888889, 0
174, 43700, 26.625, 0
175, 43750, 27, 8142.1720559999985
175, 43800, 32.44117647058823, 0
175, 43850, 28.535714285714285, 0
175, 43900, 28.083333333333332, 0
175, 43950, 26.833333333333332, 0
176, 44000, 0, 9037.927997760002
176, 44050, 35.214285714285715, 0
176, 44100, 33.67857142857143, 0
176, 44150, 30, 0
176, 44200, 28.53846153846154, 0
177, 44250, 26.5, 9672.984421440002
177, 44300, 35.16279069767442, 0
177, 44350, 29.85185185185185, 0
177, 44400, 27.714285714285715, 0
177, 44450, 27.166666666666668, 0
178, 44500, 26, 9274.655052800003
178, 44550, 33.46666666666667, 0
178, 44600, 30.454545454545453, 0
178, 44650, 28.863636363636363, 0
178, 44700, 28, 0
179, 44750, 0, 8838.205047680001
179, 44800, 30.58823529411765, 0
179, 44850, 28.454545454545453, 0
179, 44900, 26, 0
179, 44950, 26.857142857142858, 0
180, 45000, 0, 8807.116440000002
180, 45050, 31.933333333333334, 0
180, 45100, 30.875, 0
180, 45150, 31.125, 0
180, 45200, 29.4, 0
181, 45250, 29.8, 7744.812081920004
181, 45300, 27, 0
181, 45350, 26.5, 0
181, 45400, 27.2, 0
181, 45450, 26.8, 0
182, 45500, 0, 7709.576628160002
182, 45550, 31.866666666666667, 0
182, 45600, 30.2, 0
182, 45650, 30, 0
182, 45700, 31.333333333333332, 0
183, 45750, 28, 8317.490252800002
183, 45800, 33.32432432432432, 0
183, 45850, 34.225806451612904, 0
183, 45900, 31.375, 0
183, 45950, 29.5, 0
184, 46000, 28.333333333333332, 9905.115778880005
184, 46050, 34.054054054054056, 0
184, 46100, 30.142857142857142, 0
184, 46150, 30.25, 0
184, 46200, 29.545454545454547, 0
185, 46250, 26, 9699.676008000004
185, 46300, 0, 0
185, 46350, 26.785714285714285, 0
185, 46400, 27, 0
185, 46450, 26, 0
186, 46500, 0, 8308.764589120003
186, 46550, 32.53333333333333, 0
186, 46600, 30.77777777777778, 0
186, 46650, 29.857142857142858, 0
186, 46700, 30.545454545454547, 0
187, 46750, 27.333333333333332, 7942.920756159999
187, 46800, 33.270270270270274, 0
187, 46850, 27.642857142857142, 0
187, 46900, 27, 0
187, 46950, 27, 0
188, 47000, 26, 8130.258356800001
188, 47050, 33.68181818181818, 0
188, 47100, 31, 0
188, 47150, 31.5, 0
188, 47200, 30.25, 0
189, 47250, 0, 8095.252907519999
189, 47300, 29.866666666666667, 0
189, 47350, 29.625, 0
189, 47400, 30, 0
189, 47450, 29.555555555555557, 0
190, 47500, 26.666666666666668, 8247.524924480005
190, 47550, 35.87096774193548, 0
190, 47600, 35.94444444444444, 0
190, 47650, 31, 0
190, 47700, 29.5, 0
191, 47750, 27.5, 9570.442983039995
191, 47800, 38.55263157894737, 0
191, 47850, 38.925, 0
191, 47900, 35.921052631578945, 0
191, 47950, 33.97142857142857, 0
192, 48000, 30.75, 11482.218680959999
192, 48050, 35.44117647058823, 0
192, 48100, 33.1875, 0
192, 48150, 36.611111111111114, 0
192, 48200, 30.93103448275862, 0
193, 48250, 28.333333333333332, 10922.933436160003
193, 48300, 41.84782608695652, 0
193, 48350, 40.69565217391305, 0
193, 48400, 40.26829268292683, 0
193, 48450, 38.829268292682926, 0
194, 48500, 32.8125, 13438.761955519996
194, 48550, 38.61363636363637, 0
194, 48600, 31.375, 0
194, 48650, 29.75, 0
194, 48700, 28.76923076923077, 0
195, 48750, 30, 9591.2079888
195, 48800, 34.76470588235294, 0
195, 48850, 30.166666666666668, 0
195, 48900, 28.818181818181817, 0
195, 48950, 32.06666666666667, 0
196, 49000, 31.333333333333332, 9221.94851488
196, 49050, 29.90909090909091, 0
196, 49100, 29.933333333333334, 0
196, 49150, 29.333333333333332, 0
196, 49200, 29.5, 0
197, 49250, 0, 8089.796349120012
197, 49300, 30.0625, 0
197, 49350, 30.454545454545453, 0
197, 49400, 31.8, 0
197, 49450, 29.6, 0
198, 49500, 28.666666666666668, 8688.727023360005
198, 49550, 33.2, 0
198, 49600, 28.625, 0
198, 49650, 29.61111111111111, 0
198, 49700, 30.333333333333332, 0
199, 49750, 0, 8758.813049279997
199, 49800, 26.666666666666668, 0
199, 49850, 29.428571428571427, 0
199, 49900, 30.384615384615383, 0
199, 49950, 28.5, 0
200, 50000, 0, 7371.326990080004
200, 50050, 39.292682926829265, 0
200, 50100, 41, 0
200, 50150, 41.25, 0
200, 50200, 39.170731707317074, 0
201, 50250, 34.78947368421053, 12867.109874239997
201, 50300, 29.894736842105264, 0
201, 50350, 29.333333333333332, 0
201, 50400, 28.285714285714285, 0
201, 50450, 29.571428571428573, 0
202, 50500, 27, 7807.879272959998
202, 50550, 26.571428571428573, 0
202, 50600, 27.428571428571427, 0
202, 50650, 29.666666666666668, 0
202, 50700, 28.5, 0
203, 50750, 0, 7331.379477760002
203, 50800, 26, 0
203, 50850, 31.791666666666668, 0
203, 50900, 27.75, 0
203, 50950, 27.285714285714285, 0
204, 51000, 0, 7766.5651952
204, 51050, 36.44736842105263, 0
204, 51100, 31.06896551724138, 0
204, 51150, 31.862068965517242, 0
204, 51200, 31.51851851851852, 0
205, 51250, 29.166666666666668, 9745.193623039999
205, 51300, 32.44444444444444, 0
205, 51350, 27.666666666666668, 0
205, 51400, 27, 0
205, 51450, 27.75, 0
206, 51500, 26.5, 8759.209345600008
206, 51550, 33.6551724137931, 0
206, 51600, 32.70967741935484, 0
206, 51650, 29.8, 0
206, 51700, 29.333333333333332, 0
207, 51750, 0, 8300.41936032
207, 51800, 0, 0
207, 51850, 0, 0
207, 51900, 0, 0
207, 51950, 0, 0
208, 52000, 0, 7008.200796800001
208, 52050, 26.307692307692307, 0
208, 52100, 26.61111111111111, 0
208, 52150, 26, 0
208, 52200, 26.5, 0
209, 52250, 26, 7821.8370918400005
209, 52300, 0, 0
209, 52350, 30.26086956521739, 0
209, 52400, 31.3125, 0
209, 52450, 27.055555555555557, 0
210, 52500, 27, 8928.240699200003
210, 52550, 33.64705882352941, 0
210, 52600, 34.39473684210526, 0
210, 52650, 32.53125, 0
210, 52700, 35.57142857142857, 0
211, 52750, 29.8, 9996.534804160003
211, 52800, 29, 0
211, 52850, 29.785714285714285, 0
211, 52900, 26, 0
211, 52950, 27, 0
212, 53000, 0, 7854.36044448
212, 53050, 30.44, 0
212, 53100, 30.695652173913043, 0
212, 53150, 26.666666666666668, 0
212, 53200, 28, 0
213, 53250, 28, 8496.139826240003
213, 53300, 30.571428571428573, 0
213, 53350, 30.166666666666668, 0
213, 53400, 29.333333333333332, 0
213, 53450, 29.666666666666668, 0
214, 53500, 30, 7593.173795520002
214, 53550, 27.333333333333332, 0
214, 53600, 26, 0
214, 53650, 27.75, 0
214, 53700, 26.8, 0
215, 53750, 0, 7769.697414400002
215, 53800, 30.444444444444443, 0
215, 53850, 29.4, 0
215, 53900, 31.75, 0
215, 53950, 33.5, 0
216, 54000, 29.333333333333332, 7134.261166720003
216, 54050, 33.46666666666667, 0
216, 54100, 34.18181818181818, 0
216, 54150, 29.74074074074074, 0
216, 54200, 27.68, 0
217, 54250, 26.333333333333332, 9629.521928320004
217, 54300, 36, 0
217, 54350, 37.925, 0
217, 54400, 37.84615384615385, 0
217, 54450, 37.078947368421055, 0
218, 54500, 32.57142857142857, 11477.977130880003
218, 54550, 30.6, 0
218, 54600, 30.24, 0
218, 54650, 29.857142857142858, 0
218, 54700, 28.692307692307693, 0
219, 54750, 28, 8608.353384
219, 54800, 33.74285714285714, 0
219, 54850, 29.076923076923077, 0
219, 54900, 29.166666666666668, 0
219, 54950, 28.4, 0
220, 55000, 0, 7878.425670720002
220, 55050, 39.69230769230769, 0
220, 55100, 38.142857142857146, 0
220, 55150, 38.627906976744185, 0
220, 55200, 37.78378378378378, 0
221, 55250, 30.4, 12082.055938239999
221, 55300, 30.892857142857142, 0
221, 55350, 26, 0
221, 55400, 27, 0
221, 55450, 29.76923076923077, 0
222, 55500, 28, 8262.059246080002
222, 55550, 33.63333333333333, 0
222, 55600, 29.5, 0
222, 55650, 30.133333333333333, 0
222, 55700, 29.153846153846153, 0
223, 55750, 31.5, 8606.147673599999
223, 55800, 29.44, 0
223, 55850, 29.153846153846153, 0
223, 55900, 29.733333333333334, 0
223, 55950, 28.625, 0
224, 56000, 28, 7728.812777599997
224, 56050, 29.347826086956523, 0
224, 56100, 29.77777777777778, 0
224, 56150, 30.142857142857142, 0
224, 56200, 28.625, 0
225, 56250, 0, 8095.436135039999
225, 56300, 32, 0
225, 56350, 26.833333333333332, 0
225, 56400, 29.3, 0
225, 56450, 27.75, 0
226, 56500, 26.5, 7946.195814720005
226, 56550, 28.357142857142858, 0
226, 56600, 27.545454545454547, 0
226, 56650, 28.428571428571427, 0
226, 56700, 29.75, 0
227, 56750, 27, 7108.87532032
227, 56800, 29.666666666666668, 0
227, 56850, 31.272727272727273, 0
227, 56900, 31.714285714285715, 0
227, 56950, 28.4, 0
228, 57000, 28, 6828.204836480003
228, 57050, 29.2, 0
228, 57100, 26.5, 0
228, 57150, 30, 0
228, 57200, 29.25, 0
229, 57250, 0, 6748.272714880007
229, 57300, 35.121212121212125, 0
229, 57350, 26.833333333333332, 0
229, 57400, 29.75, 0
229, 57450, 29.53846153846154, 0
230, 57500, 27.666666666666668, 8121.3337584
230, 57550, 35.05128205128205, 0
230, 57600, 30.476190476190474, 0
230, 57650, 28.125, 0
230, 57700, 27.25, 0
231, 57750, 0, 8307.0804336
231, 57800, 30.16, 0
231, 57850, 31.727272727272727, 0
231, 57900, 28.75, 0
231, 57950, 32, 0
232, 58000, 26.5, 7366.8449347199985
232, 58050, 28.043478260869566, 0
232, 58100, 34.11764705882353, 0
232, 58150, 34.4, 0
232, 58200, 34.05714285714286, 0
233, 58250, 29.90909090909091, 9468.161995519999
233, 58300, 0, 0
233, 58350, 26, 0
233, 58400, 29.238095238095237, 0
233, 58450, 28.4, 0
234, 58500, 0, 8386.356316480002
234, 58550, 32.705882352941174, 0
234, 58600, 29.09090909090909, 0
234, 58650, 28, 0
234, 58700, 28.333333333333332, 0
235, 58750, 0, 7425.481991359998
235, 58800, 29.75, 0
235, 58850, 28.333333333333332, 0
235, 58900, 26.5, 0
235, 58950, 27.833333333333332, 0
236, 59000, 0, 7591.670563520006
236, 59050, 31.275862068965516, 0
236, 59100, 29.9, 0
236, 59150, 30.5, 0
236, 59200, 30.6, 0
237, 59250, 26, 7965.818139200003
237, 59300, 27.77777777777778, 0
237, 59350, 0, 0
237, 59400, 26.833333333333332, 0
237, 59450, 26, 0
238, 59500, 26, 8541.508727999995
238, 59550, 32.206896551724135, 0
238, 59600, 29.357142857142858, 0
238, 59650, 26.666666666666668, 0
238, 59700, 28.166666666666668, 0
239, 59750, 26, 8567.972181440004
239, 59800, 34.51428571428571, 0
239, 59850, 30.565217391304348, 0
239, 59900, 29.375, 0
239, 59950, 0, 0
240, 60000, 28.25, 8873.600523200002
240, 60050, 28.8, 0
240, 60100, 26.923076923076923, 0
240, 60150, 26.77777777777778, 0
240, 60200, 26, 0
241, 60250, 0, 6483.249784319999
241, 60300, 30.541666666666668, 0
241, 60350, 27.75, 0
241, 60400, 31.105263157894736, 0
241, 60450, 29.235294117647058, 0
242, 60500, 30.6, 8426.368022400002
242, 60550, 30.37037037037037, 0
242, 60600, 30.61904761904762, 0
242, 60650, 30.6, 0
242, 60700, 29.285714285714285, 0
243, 60750, 28.666666666666668, 7900.905495359999
243, 60800, 31.7, 0
243, 60850, 30.88888888888889, 0
243, 60900, 30.7, 0
243, 60950, 31.27777777777778, 0
244, 61000, 30.4, 7692.625247999999
244, 61050, 28.666666666666668, 0
244, 61100, 28.476190476190474, 0
244, 61150, 28.75, 0
244, 61200, 28.833333333333332, 0
245, 61250, 27, 7662.256794240002
245, 61300, 28.285714285714285, 0
245, 61350, 29.22222222222222, 0
245, 61400, 29.857142857142858, 0
245, 61450, 28.571428571428573, 0
246, 61500, 0, 6464.821326720002
246, 61550, 31.46153846153846, 0
246, 61600, 30.083333333333332, 0
246, 61650, 31.625, 0
246, 61700, 29.416666666666668, 0
247, 61750, 0, 6997.61177536
247, 61800, 26, 0
247, 61850, 26.666666666666668, 0
247, 61900, 26.875, 0
247, 61950, 26, 0
248, 62000, 26, 7833.52561536
248, 62050, 0, 0
248, 62100, 0, 0
248, 62150, 0, 0
248, 62200, 0, 0
249, 62250, 0, 7580.056000000002
249, 62300, 0, 0
249, 62350, 26, 0
249, 62400, 27.25, 0
249, 62450, 27.8, 0
250, 62500, 0, 7595.038787200003
250, 62550, 0, 0
250, 62600, 30.833333333333332, 0
250, 62650, 30.88235294117647, 0
250, 62700, 30.333333333333332, 0
251, 62750, 26, 7919.254111680002
251, 62800, 27.333333333333332, 0
251, 62850, 27.25, 0
251, 62900, 28.75, 0
251, 62950, 28.444444444444443, 0
252, 63000, 28.5, 7382.701222720003
252, 63050, 29.5, 0
252, 63100, 30.166666666666668, 0
252, 63150, 30.25, 0
252, 63200, 31, 0
253, 63250, 30, 7345.6129129599985
253, 63300, 29.357142857142858, 0
253, 63350, 29.94736842105263, 0
253, 63400, 29.68421052631579, 0
253, 63450, 28, 0
254, 63500, 26.666666666666668, 7482.417717759996
254, 63550, 0, 0
254, 63600, 0, 0
254, 63650, 0, 0
254, 63700, 0, 0
255, 63750, 0, 6634.711285760002
255, 63800, 27.307692307692307, 0
255, 63850, 29.363636363636363, 0
255, 63900, 27.6, 0
255, 63950, 28, 0
256, 64000, 29, 7121.186782400003
256, 64050, 28.625, 0
256, 64100, 29.727272727272727, 0
256, 64150, 31.133333333333333, 0
256, 64200, 28.5, 0
257, 64250, 28.25, 8132.022344320006
257, 64300, 26.6, 0
257, 64350, 26.666666666666668, 0
257, 64400, 30, 0
257, 64450, 0, 0
258, 64500, 0, 6452.729973120006
258, 64550, 28.444444444444443, 0
258, 64600, 30.375, 0
258, 64650, 27.5, 0
258, 64700, 29, 0
259, 64750, 28, 7258.262690879998
259, 64800, 0, 0
259, 64850, 27.19047619047619, 0
259, 64900, 27, 0
259, 64950, 27, 0
260, 65000, 27.5, 8291.928370880007
260, 65050, 0, 0
260, 65100, 26, 0
260, 65150, 27.25, 0
260, 65200, 27.5, 0
261, 65250, 0, 7303.230453440002
261, 65300, 0, 0
261, 65350, 0, 0
261, 65400, 0, 0
261, 65450, 27, 0
262, 65500, 0, 6648.227693760006
262, 65550, 31.076923076923077, 0
262, 65600, 28.470588235294116, 0
262, 65650, 28.25, 0
262, 65700, 0, 0
263, 65750, 0, 7493.314763840005
263, 65800, 30.473684210526315, 0
263, 65850, 27.8, 0
263, 65900, 28.2, 0
263, 65950, 27, 0
264, 66000, 0, 7851.3322611200065
264, 66050, 33.333333333333336, 0
264, 66100, 30.57894736842105, 0
264, 66150, 29.625, 0
264, 66200, 26.636363636363637, 0
265, 66250, 30, 8265.51093984
265, 66300, 0, 0
265, 66350, 0, 0
265, 66400, 0, 0
265, 66450, 0, 0
266, 66500, 0, 5630.392
266, 66550, 28.545454545454547, 0
266, 66600, 29.25, 0
266, 66650, 29.5, 0
266, 66700, 29.25, 0
267, 66750, 29, 7949.729933120008
267, 66800, 29.125, 0
267, 66850, 30.1, 0
267, 66900, 29.333333333333332, 0
267, 66950, 28.5, 0
268, 67000, 0, 7408.289617279998
268, 67050, 0, 0
268, 67100, 0, 0
268, 67150, 0, 0
268, 67200, 0, 0
269, 67250, 0, 8034.857104000002
269, 67300, 27.384615384615383, 0
269, 67350, 27, 0
269, 67400, 28, 0
269, 67450, 27.285714285714285, 0
270, 67500, 26, 7842.878714879999
270, 67550, 26, 0
270, 67600, 26, 0
270, 67650, 27, 0
270, 67700, 27, 0
271, 67750, 26, 6250.243277120006
271, 67800, 26, 0
271, 67850, 29.476190476190474, 0
271, 67900, 31.666666666666668, 0
271, 67950, 28.5, 0
272, 68000, 26, 7793.917557440013
272, 68050, 33.94736842105263, 0
272, 68100, 33.09090909090909, 0
272, 68150, 31.5625, 0
272, 68200, 32, 0
273, 68250, 29.75, 8755.98386688
273, 68300, 31.884615384615383, 0
273, 68350, 30.333333333333332, 0
273, 68400, 31, 0
273, 68450, 29.88888888888889, 0
274, 68500, 0, 7933.360535360005
274, 68550, 31.428571428571427, 0
274, 68600, 31.272727272727273, 0
274, 68650, 29.4, 0
274, 68700, 30.8, 0
275, 68750, 30, 7704.800800640003
275, 68800, 30.235294117647058, 0
275, 68850, 30, 0
275, 68900, 31.625, 0
275, 68950, 31.142857142857142, 0
276, 69000, 27, 7479.051229119996
276, 69050, 29.57894736842105, 0
276, 69100, 28.333333333333332, 0
276, 69150, 29.5, 0
276, 69200, 27.6, 0
277, 69250, 30, 7916.549953919999
277, 69300, 27.5, 0
277, 69350, 27.5, 0
277, 69400, 27.75, 0
277, 69450, 29.666666666666668, 0
278, 69500, 0, 7148.162424000004
278, 69550, 27, 0
278, 69600, 28, 0
278, 69650, 26, 0
278, 69700, 27.5, 0
279, 69750, 0, 6848.642950720003
279, 69800, 27, 0
279, 69850, 26, 0
279, 69900, 26.833333333333332, 0
279, 69950, 27, 0
280, 70000, 0, 7001.654476479998
280, 70050, 30.4, 0
280, 70100, 27.571428571428573, 0
280, 70150, 26.5, 0
280, 70200, 26.2, 0
281, 70250, 0, 7521.956734400006
281, 70300, 28.25, 0
281, 70350, 29.2, 0
281, 70400, 29.142857142857142, 0
281, 70450, 30, 0
282, 70500, 0, 7514.544668480005
282, 70550, 0, 0
282, 70600, 29.076923076923077, 0
282, 70650, 28.375, 0
282, 70700, 27.923076923076923, 0
283, 70750, 26, 7797.479586880003
283, 70800, 0, 0
283, 70850, 0, 0
283, 70900, 0, 0
283, 70950, 0, 0
284, 71000, 0, 5063.128000000001
284, 71050, 0, 0
284, 71100, 0, 0
284, 71150, 0, 0
284, 71200, 0, 0
285, 71250, 0, 5196.6320000000005
285, 71300, 0, 0
285, 71350, 29.5, 0
285, 71400, 27.625, 0
285, 71450, 28.11111111111111, 0
286, 71500, 28.5, 6877.920027840004
286, 71550, 28.666666666666668, 0
286, 71600, 30.5, 0
286, 71650, 29.714285714285715, 0
286, 71700, 32, 0
287, 71750, 26, 6969.379432000007
287, 71800, 29.625, 0
287, 71850, 32.333333333333336, 0
287, 71900, 32, 0
287, 71950, 31.666666666666668, 0
288, 72000, 27.5, 8403.336176640005
288, 72050, 30.727272727272727, 0
288, 72100, 31.307692307692307, 0
288, 72150, 28, 0
288, 72200, 30.583333333333332, 0
289, 72250, 27, 8130.281299839997
289, 72300, 32.11538461538461, 0
289, 72350, 28.647058823529413, 0
289, 72400, 29, 0
289, 72450, 27.5, 0
290, 72500, 29.5, 8475.874958080007
290, 72550, 30.75, 0
290, 72600, 31.576923076923077, 0
290, 72650, 33.80769230769231, 0
290, 72700, 27.3, 0
291, 72750, 28.5, 9029.186325120007
291, 72800, 28.22222222222222, 0
291, 72850, 29.4, 0
291, 72900, 31.2, 0
291, 72950, 29.5, 0
292, 73000, 27.333333333333332, 7238.030399679999
292, 73050, 29.4, 0
292, 73100, 31.071428571428573, 0
292, 73150, 28.8, 0
292, 73200, 31.666666666666668, 0
293, 73250, 29.333333333333332, 6537.063460160004
293, 73300, 0, 0
293, 73350, 27.428571428571427, 0
293, 73400, 26.5, 0
293, 73450, 26.5, 0
294, 73500, 26, 6465.559833280004
294, 73550, 26.25, 0
294, 73600, 27, 0
294, 73650, 28, 0
294, 73700, 27.3, 0
295, 73750, 0, 6676.818767360004
295, 73800, 27.125, 0
295, 73850, 28.142857142857142, 0
295, 73900, 28.857142857142858, 0
295, 73950, 33, 0
296, 74000, 26.5, 7164.163425919999
296, 74050, 31, 0
296, 74100, 32, 0
296, 74150, 28.666666666666668, 0
296, 74200, 28.181818181818183, 0
297, 74250, 29.5, 7057.269098560003
297, 74300, 27.8, 0
297, 74350, 29.4, 0
297, 74400, 29, 0
297, 74450, 28.25, 0
298, 74500, 28, 6847.60651328
298, 74550, 0, 0
298, 74600, 0, 0
298, 74650, 0, 0
298, 74700, 0, 0
299, 74750, 0, 6269.979943040002
299, 74800, 28.08695652173913, 0
299, 74850, 32.6, 0
299, 74900, 29.333333333333332, 0
299, 74950, 29.6, 0
300, 75000, 31, 7659.376838720003
300, 75050, 27, 0
300, 75100, 0, 0
300, 75150, 0, 0
300, 75200, 0, 0
301, 75250, 26, 7744.5812454400075
301, 75300, 28.23076923076923, 0
301, 75350, 26.75, 0
301, 75400, 0, 0
301, 75450, 27, 0
302, 75500, 0, 6916.645222720003
302, 75550, 29.166666666666668, 0
302, 75600, 31.347826086956523, 0
302, 75650, 28.1, 0
302, 75700, 27.4, 0
303, 75750, 31, 7245.901971840008
303, 75800, 29, 0
303, 75850, 27.666666666666668, 0
303, 75900, 29.857142857142858, 0
303, 75950, 30.333333333333332, 0
304, 76000, 29, 7093.569557760003
304, 76050, 31.44, 0
304, 76100, 30.166666666666668, 0
304, 76150, 33.5, 0
304, 76200, 30.90909090909091, 0
305, 76250, 0, 7630.097984320009
305, 76300, 30.444444444444443, 0
305, 76350, 28.5, 0
305, 76400, 30.875, 0
305, 76450, 31.4375, 0
306, 76500, 27.5, 8259.00038336
306, 76550, 34.7027027027027, 0
306, 76600, 28.857142857142858, 0
306, 76650, 27.8, 0
306, 76700, 28.333333333333332, 0
307, 76750, 0, 8085.40340448
307, 76800, 27, 0
307, 76850, 0, 0
307, 76900, 0, 0
307, 76950, 26.5, 0
308, 77000, 0, 6822.947234880005
308, 77050, 32.54545454545455, 0
308, 77100, 29.3, 0
308, 77150, 28, 0
308, 77200, 30, 0
309, 77250, 27.666666666666668, 6665.675360319998
309, 77300, 0, 0
309, 77350, 0, 0
309, 77400, 0, 0
309, 77450, 0, 0
310, 77500, 0, 7040.360764480004
310, 77550, 35.121212121212125, 0
310, 77600, 29.5, 0
310, 77650, 30.066666666666666, 0
310, 77700, 30.2, 0
311, 77750, 0, 7939.336311679996
311, 77800, 0, 0
311, 77850, 27.571428571428573, 0
311, 77900, 29.5, 0
311, 77950, 30.5, 0
312, 78000, 0, 6448.6431468799965
312, 78050, 27.666666666666668, 0
312, 78100, 28.125, 0
312, 78150, 28, 0
312, 78200, 27, 0
313, 78250, 26, 7158.287955840003
313, 78300, 28.416666666666668, 0
313, 78350, 27.2, 0
313, 78400, 27, 0
313, 78450, 26.833333333333332, 0
314, 78500, 27, 6487.011687679998
314, 78550, 31.333333333333332, 0
314, 78600, 29, 0
314, 78650, 30.571428571428573, 0
314, 78700, 27.857142857142858, 0
315, 78750, 0, 7590.939792320002
315, 78800, 30.2, 0
315, 78850, 28.857142857142858, 0
315, 78900, 28, 0
315, 78950, 29.166666666666668, 0
316, 79000, 27.333333333333332, 6946.028363519999
316, 79050, 29.08, 0
316, 79100, 28, 0
316, 79150, 28.125, 0
316, 79200, 27.5, 0
317, 79250, 26, 6732.757285120002
317, 79300, 26, 0
317, 79350, 26, 0
317, 79400, 26, 0
317, 79450, 0, 0
318, 79500, 0, 7043.063092800002
318, 79550, 27.666666666666668, 0
318, 79600, 26, 0
318, 79650, 27, 0
318, 79700, 26, 0
319, 79750, 0, 6151.774856960007
319, 79800, 31.045454545454547, 0
319, 79850, 31.142857142857142, 0
319, 79900, 31, 0
319, 79950, 30.3, 0
320, 80000, 30, 7008.8031104000065
320, 80050, 26.5, 0
320, 80100, 28.333333333333332, 0
320, 80150, 27.555555555555557, 0
320, 80200, 27.2, 0
321, 80250, 0, 6150.5048271999985
321, 80300, 0, 0
321, 80350, 0, 0
321, 80400, 0, 0
321, 80450, 0, 0
322, 80500, 0, 5648.088000000001
322, 80550, 0, 0
322, 80600, 0, 0
322, 80650, 0, 0
322, 80700, 0, 0
323, 80750, 0, 5157.911999999999
323, 80800, 0, 0
323, 80850, 28.11111111111111, 0
323, 80900, 32, 0
323, 80950, 26.666666666666668, 0
324, 81000, 26, 6789.68517856
324, 81050, 0, 0
324, 81100, 27.75, 0
324, 81150, 28, 0
324, 81200, 29.333333333333332, 0
325, 81250, 0, 6628.035755840006
325, 81300, 26, 0
325, 81350, 27, 0
325, 81400, 28.22222222222222, 0
325, 81450, 29.125, 0
326, 81500, 0, 6566.611771200001
326, 81550, 29.714285714285715, 0
326, 81600, 31.11111111111111, 0
326, 81650, 29.384615384615383, 0
326, 81700, 31.857142857142858, 0
327, 81750, 28, 6950.271382400004
327, 81800, 27, 0
327, 81850, 28, 0
327, 81900, 27, 0
327, 81950, 27, 0
328, 82000, 0, 7055.495673280008
328, 82050, 29.714285714285715, 0
328, 82100, 27.5, 0
328, 82150, 30, 0
328, 82200, 32.125, 0
329, 82250, 28.5, 7870.826931200002
329, 82300, 27.75, 0
329, 82350, 31, 0
329, 82400, 27, 0
329, 82450, 30.333333333333332, 0
330, 82500, 26, 6484.863488640004
330, 82550, 29.125, 0
330, 82600, 28, 0
330, 82650, 28.333333333333332, 0
330, 82700, 27.5, 0
331, 82750, 0, 7387.781243840002
331, 82800, 29.22222222222222, 0
331, 82850, 29.5, 0
331, 82900, 30, 0
331, 82950, 31.125, 0
332, 83000, 0, 6754.26255424
332, 83050, 28.571428571428573, 0
332, 83100, 29.5, 0
332, 83150, 29.444444444444443, 0
332, 83200, 27.833333333333332, 0
333, 83250, 0, 6552.75179392
333, 83300, 29.333333333333332, 0
333, 83350, 30, 0
333, 83400, 28, 0
333, 83450, 27, 0
334, 83500, 26.5, 6660.461119359999
334, 83550, 30, 0
334, 83600, 29, 0
334, 83650, 27.714285714285715, 0
334, 83700, 30, 0
335, 83750, 26, 6937.710384320003
335, 83800, 0, 0
335, 83850, 26, 0
335, 83900, 26, 0
335, 83950, 26, 0
336, 84000, 0, 7877.125972160001
336, 84050, 33.696969696969695, 0
336, 84100, 29, 0
336, 84150, 31.4, 0
336, 84200, 27.25, 0
337, 84250, 0, 8013.038195519999
337, 84300, 30.75, 0
337, 84350, 29.8, 0
337, 84400, 30.8, 0
337, 84450, 29.333333333333332, 0
338, 84500, 0, 7442.792221120001
338, 84550, 30.78125, 0
338, 84600, 31.571428571428573, 0
338, 84650, 29.666666666666668, 0
338, 84700, 26.333333333333332, 0
339, 84750, 0, 8205.142363840001
339, 84800, 27.9, 0
339, 84850, 27.5, 0
339, 84900, 26.666666666666668, 0
339, 84950, 26, 0
340, 85000, 0, 7923.143713920004
340, 85050, 26.76923076923077, 0
340, 85100, 26.8, 0
340, 85150, 30.076923076923077, 0
340, 85200, 30, 0
341, 85250, 28, 7807.121749440004
341, 85300, 28.444444444444443, 0
341, 85350, 28.25, 0
341, 85400, 27.6, 0
341, 85450, 30.57894736842105, 0
342, 85500, 28, 7880.25561184
342, 85550, 34.1578947368421, 0
342, 85600, 28.6, 0
342, 85650, 28, 0
342, 85700, 29, 0
343, 85750, 29, 7765.59282496
343, 85800, 31, 0
343, 85850, 28.285714285714285, 0
343, 85900, 30, 0
343, 85950, 30.666666666666668, 0
344, 86000, 31, 7740.807016320006
344, 86050, 28.5, 0
344, 86100, 30.166666666666668, 0
344, 86150, 28.75, 0
344, 86200, 34.666666666666664, 0
345, 86250, 0, 7701.3248953600005
345, 86300, 27.6, 0
345, 86350, 28, 0
345, 86400, 27.666666666666668, 0
345, 86450, 27, 0
346, 86500, 26.5, 7883.937400959999
346, 86550, 31.6, 0
346, 86600, 29.88888888888889, 0
346, 86650, 29.88888888888889, 0
346, 86700, 28.25, 0
347, 86750, 0, 8186.552088320002
347, 86800, 31.037037037037038, 0
347, 86850, 29.833333333333332, 0
347, 86900, 29.428571428571427, 0
347, 86950, 30.625, 0
348, 87000, 29.333333333333332, 7707.388601280009
348, 87050, 30.25, 0
348, 87100, 29.571428571428573, 0
348, 87150, 29.5, 0
348, 87200, 26.5, 0
349, 87250, 26, 7758.535196480006
349, 87300, 31.58823529411765, 0
349, 87350, 30.1, 0
349, 87400, 29.25, 0
349, 87450, 28.166666666666668, 0
350, 87500, 29, 8233.566125120002
350, 87550, 33.67741935483871, 0
350, 87600, 29, 0
350, 87650, 27.285714285714285, 0
350, 87700, 29.428571428571427, 0
351, 87750, 0, 8158.955197439996
351, 87800, 28.1, 0
351, 87850, 28, 0
351, 87900, 26.666666666666668, 0
351, 87950, 26.5, 0
352, 88000, 0, 7090.172345600001
352, 88050, 29.0625, 0
352, 88100, 26.5, 0
352, 88150, 27.333333333333332, 0
352, 88200, 28.5, 0
353, 88250, 29, 8061.80138016
353, 88300, 33.19047619047619, 0
353, 88350, 28.8, 0
353, 88400, 29.25, 0
353, 88450, 28, 0
354, 88500, 27, 7747.446354560014
354, 88550, 36.604651162790695, 0
354, 88600, 34.416666666666664, 0
354, 88650, 28.375, 0
354, 88700, 27.25, 0
355, 88750, 32, 9530.247173439995
355, 88800, 30.083333333333332, 0
355, 88850, 28.833333333333332, 0
355, 88900, 27, 0
355, 88950, 28, 0
356, 89000, 26, 7592.042445120002
356, 89050, 30.82608695652174, 0
356, 89100, 28.692307692307693, 0
356, 89150, 29.157894736842106, 0
356, 89200, 27.444444444444443, 0
357, 89250, 27, 8129.781421120001
357, 89300, 37.38461538461539, 0
357, 89350, 34.91891891891892, 0
357, 89400, 30.4, 0
357, 89450, 27.5, 0
358, 89500, 26, 9325.499891839998
358, 89550, 28.375, 0
358, 89600, 29.714285714285715, 0
358, 89650, 28, 0
358, 89700, 28, 0
359, 89750, 26, 7459.228607360001
359, 89800, 31.375, 0
359, 89850, 28.714285714285715, 0
359, 89900, 26.77777777777778, 0
359, 89950, 26.666666666666668, 0
360, 90000, 0, 8247.016008960001
360, 90050, 30.38888888888889, 0
360, 90100, 28.285714285714285, 0
360, 90150, 28.11111111111111, 0
360, 90200, 28.75, 0
361, 90250, 27, 7952.547993280002
361, 90300, 30, 0
361, 90350, 28.142857142857142, 0
361, 90400, 29, 0
361, 90450, 28.166666666666668, 0
362, 90500, 28, 8195.95479456
362, 90550, 32, 0
362, 90600, 27.5, 0
362, 90650, 27, 0
362, 90700, 0, 0
363, 90750, 26, 8349.393768639997
363, 90800, 31.22222222222222, 0
363, 90850, 28.333333333333332, 0
363, 90900, 29, 0
363, 90950, 27.5, 0
364, 91000, 0, 7895.371403840001
364, 91050, 29.90909090909091, 0
364, 91100, 30.615384615384617, 0
364, 91150, 30.545454545454547, 0
364, 91200, 31.77777777777778, 0
365, 91250, 31.5, 8025.881934400004
365, 91300, 30.714285714285715, 0
365, 91350, 28.5, 0
365, 91400, 29.4, 0
365, 91450, 28, 0
366, 91500, 0, 7664.560602560008
366, 91550, 26, 0
366, 91600, 26.333333333333332, 0
366, 91650, 27.25, 0
366, 91700, 27.166666666666668, 0
367, 91750, 27, 7557.361935360007
367, 91800, 31.73913043478261, 0
367, 91850, 31, 0
367, 91900, 26.77777777777778, 0
367, 91950, 27.916666666666668, 0
368, 92000, 0, 7671.7648416
368, 92050, 36.648648648648646, 0
368, 92100, 27.818181818181817, 0
368, 92150, 27.5, 0
368, 92200, 26.5, 0
369, 92250, 0, 7981.200304000002
369, 92300, 29.615384615384617, 0
369, 92350, 28, 0
369, 92400, 0, 0
369, 92450, 27, 0
370, 92500, 0, 8124.814214720003
370, 92550, 35.638888888888886, 0
370, 92600, 30.56, 0
370, 92650, 30.53846153846154, 0
370, 92700, 27.428571428571427, 0
371, 92750, 0, 8694.295819840005
371, 92800, 33.25714285714286, 0
371, 92850, 30.714285714285715, 0
371, 92900, 29.833333333333332, 0
371, 92950, 31.5, 0
372, 93000, 30.333333333333332, 8572.326848640008
372, 93050, 28.875, 0
372, 93100, 31.11111111111111, 0
372, 93150, 28.5, 0
372, 93200, 31.09090909090909, 0
373, 93250, 26, 7556.329615680002
373, 93300, 28.956521739130434, 0
373, 93350, 27.5, 0
373, 93400, 30.25, 0
373, 93450, 31.5, 0
374, 93500, 0, 7937.12336672
374, 93550, 32.36, 0
374, 93600, 29.2, 0
374, 93650, 28.333333333333332, 0
374, 93700, 30, 0
375, 93750, 28, 7739.023530880007
375, 93800, 28, 0
375, 93850, 32, 0
375, 93900, 29.375, 0
375, 93950, 30.6, 0
376, 94000, 27, 7971.766749120006
376, 94050, 28.857142857142858, 0
376, 94100, 28.8, 0
376, 94150, 28.5, 0
376, 94200, 28.8, 0
377, 94250, 28, 6883.528957440005
377, 94300, 32.15151515151515, 0
377, 94350, 28.857142857142858, 0
377, 94400, 27, 0
377, 94450, 26, 0
378, 94500, 0, 8062.305162879997
378, 94550, 26.615384615384617, 0
378, 94600, 26.5, 0
378, 94650, 28, 0
378, 94700, 27, 0
379, 94750, 28.5, 7744.52534080001
379, 94800, 30.3, 0
379, 94850, 29.294117647058822, 0
379, 94900, 29.4, 0
379, 94950, 29, 0
380, 95000, 27, 8065.06810944001
380, 95050, 26.666666666666668, 0
380, 95100, 27.75, 0
380, 95150, 31.125, 0
380, 95200, 27, 0
381, 95250, 27.666666666666668, 7542.489005440007
381, 95300, 31.296296296296298, 0
381, 95350, 28.555555555555557, 0
381, 95400, 29.8, 0
381, 95450, 30.7, 0
382, 95500, 28, 8471.083402879998
382, 95550, 27.333333333333332, 0
382, 95600, 28.5, 0
382, 95650, 28.25, 0
382, 95700, 26.166666666666668, 0
383, 95750, 26, 7817.782418880006
383, 95800, 28.7, 0
383, 95850, 28.666666666666668, 0
383, 95900, 29.666666666666668, 0
383, 95950, 28.923076923076923, 0
384, 96000, 29.333333333333332, 8323.356505280006
384, 96050, 32.5, 0
384, 96100, 31.333333333333332, 0
384, 96150, 27.333333333333332, 0
384, 96200, 34.375, 0
385, 96250, 26.5, 8111.072951360005
385, 96300, 28.714285714285715, 0
385, 96350, 28.153846153846153, 0
385, 96400, 28.25, 0
385, 96450, 28.4, 0
386, 96500, 0, 7509.206447360001
386, 96550, 29.75, 0
386, 96600, 30, 0
386, 96650, 30.833333333333332, 0
386, 96700, 30, 0
387, 96750, 0, 7927.504013120006
387, 96800, 39.4, 0
387, 96850, 33.25, 0
387, 96900, 30.625, 0
387, 96950, 30.25, 0
388, 97000, 29.5, 9247.80511936
388, 97050, 29.652173913043477, 0
388, 97100, 30, 0
388, 97150, 29.142857142857142, 0
388, 97200, 32, 0
389, 97250, 0, 7830.9069104000055
389, 97300, 27.714285714285715, 0
389, 97350, 29.9, 0
389, 97400, 28.875, 0
389, 97450, 26.833333333333332, 0
390, 97500, 0, 7854.557444160002
390, 97550, 30.208333333333332, 0
390, 97600, 27.714285714285715, 0
390, 97650, 30.09090909090909, 0
390, 97700, 28.333333333333332, 0
391, 97750, 0, 7659.4759494400005
391, 97800, 26, 0
391, 97850, 26.923076923076923, 0
391, 97900, 0, 0
391, 97950, 26, 0
392, 98000, 27, 8154.885862080006
392, 98050, 31.59375, 0
392, 98100, 28.454545454545453, 0
392, 98150, 28.928571428571427, 0
392, 98200, 26.714285714285715, 0
393, 98250, 26, 8420.631900479997
393, 98300, 28.466666666666665, 0
393, 98350, 30.25, 0
393, 98400, 28.214285714285715, 0
393, 98450, 27.333333333333332, 0
394, 98500, 0, 7930.6200371199975
394, 98550, 26.5, 0
394, 98600, 26, 0
394, 98650, 26, 0
394, 98700, 26.5, 0
395, 98750, 0, 7765.177540160001
395, 98800, 32.40625, 0
395, 98850, 29, 0
395, 98900, 28.25, 0
395, 98950, 28, 0
396, 99000, 0, 8294.454626880002
396, 99050, 30.606060606060606, 0
396, 99100, 29.714285714285715, 0
396, 99150, 31.25, 0
396, 99200, 30.5, 0
397, 99250, 0, 8409.850551999998
397, 99300, 0, 0
397, 99350, 0, 0
397, 99400, 0, 0
397, 99450, 0, 0
398, 99500, 0, 6553.063028799998
398, 99550, 32.42857142857143, 0
398, 99600, 30.5, 0
398, 99650, 30.11111111111111, 0
398, 99700, 27, 0
399, 99750, 30.5, 8154.439030080002
399, 99800, 34.4375, 0
399, 99850, 29.375, 0
399, 99900, 0, 0
399, 99950, 26.833333333333332, 0
400, 100000, 0, 7911.402427520003
400, 100050, 31.3, 0
400, 100100, 28.625, 0
400, 100150, 30, 0
400, 100200, 28.375, 0
401, 100250, 0, 8144.700763200001
401, 100300, 34.266666666666666, 0
401, 100350, 28.333333333333332, 0
401, 100400, 29.857142857142858, 0
401, 100450, 31.5, 0
402, 100500, 30.5, 8499.710432320004
402, 100550, 29.176470588235293, 0
402, 100600, 28.77777777777778, 0
402, 100650, 28.333333333333332, 0
402, 100700, 28.5, 0
403, 100750, 0, 8462.731432640003
403, 100800, 35.851851851851855, 0
403, 100850, 29.176470588235293, 0
403, 100900, 29.166666666666668, 0
403, 100950, 28.142857142857142, 0
404, 101000, 0, 8873.017218240004
404, 101050, 29.88, 0
404, 101100, 27.6, 0
404, 101150, 29.6, 0
404, 101200, 29, 0
405, 101250, 28, 7659.703765119999
405, 101300, 32.275862068965516, 0
405, 101350, 31.4, 0
405, 101400, 30, 0
405, 101450, 28.333333333333332, 0
406, 101500, 28, 8678.445494400003
406, 101550, 35.02777777777778, 0
406, 101600, 28.11111111111111, 0
406, 101650, 27.4, 0
406, 101700, 29.4, 0
407, 101750, 29, 8812.97894336
407, 101800, 36.717948717948715, 0
407, 101850, 36.861111111111114, 0
407, 101900, 28.272727272727273, 0
407, 101950, 27.333333333333332, 0
408, 102000, 0, 9993.168005120002
408, 102050, 29.77777777777778, 0
408, 102100, 30.25, 0
408, 102150, 26, 0
408, 102200, 27, 0
409, 102250, 27, 7860.21349024
409, 102300, 31.296296296296298, 0
409, 102350, 29.75, 0
409, 102400, 29.4, 0
409, 102450, 0, 0
410, 102500, 0, 8000.081902079999
410, 102550, 34.32432432432432, 0
410, 102600, 29.666666666666668, 0
410, 102650, 30.25, 0
410, 102700, 29.8, 0
411, 102750, 0, 8212.203849920003
411, 102800, 32.857142857142854, 0
411, 102850, 29.75, 0
411, 102900, 30.8, 0
411, 102950, 31.545454545454547, 0
412, 103000, 28, 8629.476794560005
412, 103050, 35.114285714285714, 0
412, 103100, 27.5, 0
412, 103150, 28.5, 0
412, 103200, 29.375, 0
413, 103250, 30, 8801.44181472
413, 103300, 35.4054054054054, 0
413, 103350, 29, 0
413, 103400, 27.833333333333332, 0
413, 103450, 27.444444444444443, 0
414, 103500, 28, 8839.585910720001
414, 103550, 30.571428571428573, 0
414, 103600, 30.166666666666668, 0
414, 103650, 31.875, 0
414, 103700, 30, 0
415, 103750, 28, 8423.07445216
415, 103800, 36.725, 0
415, 103850, 30.4, 0
415, 103900, 29.571428571428573, 0
415, 103950, 29.22222222222222, 0
416, 104000, 30, 8628.434664320002
416, 104050, 30.375, 0
416, 104100, 28, 0
416, 104150, 30, 0
416, 104200, 27.8, 0
417, 104250, 30, 7736.520753600003
417, 104300, 28.6875, 0
417, 104350, 28.923076923076923, 0
417, 104400, 28, 0
417, 104450, 28, 0
418, 104500, 26, 8429.413897280001
418, 104550, 29.38888888888889, 0
418, 104600, 26, 0
418, 104650, 27.25, 0
418, 104700, 28.25, 0
419, 104750, 0, 8016.700291520005
419, 104800, 31.03448275862069, 0
419, 104850, 28.625, 0
419, 104900, 28.75, 0
419, 104950, 30.142857142857142, 0
420, 105000, 0, 8417.163008320002
420, 105050, 28.2, 0
420, 105100, 28.666666666666668, 0
420, 105150, 28.875, 0
420, 105200, 26.833333333333332, 0
421, 105250, 0, 7845.903092800005
421, 105300, 31.88235294117647, 0
421, 105350, 30.2, 0
421, 105400, 27.75, 0
421, 105450, 29.8, 0
422, 105500, 28, 8361.556760640007
422, 105550, 26.333333333333332, 0
422, 105600, 28.235294117647058, 0
422, 105650, 26.333333333333332, 0
422, 105700, 0, 0
423, 105750, 26, 8136.6414000000095
423, 105800, 27.647058823529413, 0
423, 105850, 35.7027027027027, 0
423, 105900, 28.5, 0
423, 105950, 28.857142857142858, 0
424, 106000, 27, 9367.3262688
424, 106050, 26.75, 0
424, 106100, 26, 0
424, 106150, 27, 0
424, 106200, 26, 0
425, 106250, 0, 8115.281128960003
425, 106300, 28.94736842105263, 0
425, 106350, 27.333333333333332, 0
425, 106400, 26, 0
425, 106450, 27, 0
426, 106500, 26, 8087.473644480001
426, 106550, 27.8125, 0
426, 106600, 30, 0
426, 106650, 28.25, 0
426, 106700, 26.666666666666668, 0
427, 106750, 28.5, 8064.5628358400045
427, 106800, 30.307692307692307, 0
427, 106850, 28.818181818181817, 0
427, 106900, 29.666666666666668, 0
427, 106950, 29.125, 0
428, 107000, 35, 8254.44595072
428, 107050, 32.93333333333333, 0
428, 107100, 28.285714285714285, 0
428, 107150, 28, 0
428, 107200, 29.285714285714285, 0
429, 107250, 27, 8143.6377968000015
429, 107300, 31.884615384615383, 0
429, 107350, 29.181818181818183, 0
429, 107400, 30.5, 0
429, 107450, 29.142857142857142, 0
430, 107500, 29, 8164.052937280008
430, 107550, 28.5, 0
430, 107600, 28.571428571428573, 0
430, 107650, 29.142857142857142, 0
430, 107700, 29.5, 0
431, 107750, 29.5, 8287.22054752
431, 107800, 33.60606060606061, 0
431, 107850, 30.8, 0
431, 107900, 31.9, 0
431, 107950, 30, 0
432, 108000, 27, 8349.787614080005
432, 108050, 27.4, 0
432, 108100, 26.5, 0
432, 108150, 26.5, 0
432, 108200, 27, 0
433, 108250, 0, 7985.712621440008
433, 108300, 0, 0
433, 108350, 0, 0
433, 108400, 0, 0
433, 108450, 0, 0
434, 108500, 0, 7403.571601280002
434, 108550, 26.61904761904762, 0
434, 108600, 26.625, 0
434, 108650, 27, 0
434, 108700, 27, 0
435, 108750, 0, 7713.252888000002
435, 108800, 0, 0
435, 108850, 30.607142857142858, 0
435, 108900, 28.692307692307693, 0
435, 108950, 28.22222222222222, 0
436, 109000, 26, 8556.226861120003
436, 109050, 32.285714285714285, 0
436, 109100, 31.53125, 0
436, 109150, 30.333333333333332, 0
436, 109200, 28.6, 0
437, 109250, 28, 9234.520487679998
437, 109300, 30.03030303030303, 0
437, 109350, 28.142857142857142, 0
437, 109400, 27.666666666666668, 0
437, 109450, 28, 0
438, 109500, 0, 8279.550977600007
438, 109550, 29, 0
438, 109600, 29.6, 0
438, 109650, 32.9, 0
438, 109700, 30.153846153846153, 0
439, 109750, 0, 8171.246368959999
439, 109800, 29.666666666666668, 0
439, 109850, 27, 0
439, 109900, 28.666666666666668, 0
439, 109950, 28.8, 0
440, 110000, 0, 7185.74819232
440, 110050, 33.5, 0
440, 110100, 30.666666666666668, 0
440, 110150, 28.666666666666668, 0
440, 110200, 28.833333333333332, 0
441, 110250, 0, 7775.559492799999
441, 110300, 37.567567567567565, 0
441, 110350, 29.076923076923077, 0
441, 110400, 27.5, 0
441, 110450, 29.285714285714285, 0
442, 110500, 28, 9291.309828799996
442, 110550, 30, 0
442, 110600, 32.333333333333336, 0
442, 110650, 29.15, 0
442, 110700, 28.5, 0
443, 110750, 0, 8157.759143039997
443, 110800, 32.16, 0
443, 110850, 28.25, 0
443, 110900, 28.375, 0
443, 110950, 30.333333333333332, 0
444, 111000, 28.5, 8587.30150848
444, 111050, 27.833333333333332, 0
444, 111100, 28.5, 0
444, 111150, 27.666666666666668, 0
444, 111200, 30, 0
445, 111250, 0, 7458.630919040002
445, 111300, 26, 0
445, 111350, 26, 0
445, 111400, 26, 0
445, 111450, 26, 0
446, 111500, 0, 7990.339249280003
446, 111550, 29.05263157894737, 0
446, 111600, 29.444444444444443, 0
446, 111650, 27.272727272727273, 0
446, 111700, 27.875, 0
447, 111750, 26, 8462.091496000003
447, 111800, 28.8, 0
447, 111850, 29.22222222222222, 0
447, 111900, 26, 0
447, 111950, 27.333333333333332, 0
448, 112000, 0, 7978.679122240012
448, 112050, 28, 0
448, 112100, 27.142857142857142, 0
448, 112150, 27.5, 0
448, 112200, 26.5, 0
449, 112250, 0, 8151.801830400007
449, 112300, 29.291666666666668, 0
449, 112350, 27.8, 0
449, 112400, 0, 0
449, 112450, 29.2, 0
450, 112500, 27, 7908.962776320001
450, 112550, 33.3125, 0
450, 112600, 31.75862068965517, 0
450, 112650, 26, 0
450, 112700, 0, 0
451, 112750, 28.5, 9363.19408736
451, 112800, 28.5, 0
451, 112850, 31.625, 0
451, 112900, 30.166666666666668, 0
451, 112950, 33, 0
452, 113000, 0, 7898.911724800004
452, 113050, 33.96551724137931, 0
452, 113100, 28.571428571428573, 0
452, 113150, 29.857142857142858, 0
452, 113200, 33.5, 0
453, 113250, 33, 8618.782314880002
453, 113300, 30.56, 0
453, 113350, 30.714285714285715, 0
453, 113400, 30.857142857142858, 0
453, 113450, 29.3, 0
454, 113500, 26.5, 8346.506649600004
454, 113550, 30, 0
454, 113600, 28.5, 0
454, 113650, 28, 0
454, 113700, 31.285714285714285, 0
455, 113750, 27.666666666666668, 7903.019575040002
455, 113800, 31, 0
455, 113850, 30, 0
455, 113900, 27.333333333333332, 0
455, 113950, 27.6, 0
456, 114000, 30, 7989.5418764800015
456, 114050, 29.266666666666666, 0
456, 114100, 29, 0
456, 114150, 27.25, 0
456, 114200, 28, 0
457, 114250, 29, 7852.372125760011
457, 114300, 34.470588235294116, 0
457, 114350, 26.5, 0
457, 114400, 26, 0
457, 114450, 27.666666666666668, 0
458, 114500, 0, 8801.634186240004
458, 114550, 28.392857142857142, 0
458, 114600, 26.166666666666668, 0
458, 114650, 26, 0
458, 114700, 0, 0
459, 114750, 0, 8250.957615999996
459, 114800, 26.90909090909091, 0
459, 114850, 26.818181818181817, 0
459, 114900, 26.4, 0
459, 114950, 27, 0
460, 115000, 0, 8403.90165408
460, 115050, 32.75757575757576, 0
460, 115100, 29.454545454545453, 0
460, 115150, 27.5, 0
460, 115200, 27.833333333333332, 0
461, 115250, 27.5, 8426.464107520005
461, 115300, 28.666666666666668, 0
461, 115350, 28, 0
461, 115400, 26.333333333333332, 0
461, 115450, 27.666666666666668, 0
462, 115500, 0, 7139.5732201600085
462, 115550, 36.45945945945946, 0
462, 115600, 28.11764705882353, 0
462, 115650, 29.470588235294116, 0
462, 115700, 27, 0
463, 115750, 0, 8958.103723520002
463, 115800, 31.384615384615383, 0
463, 115850, 29, 0
463, 115900, 32.2, 0
463, 115950, 32.5, 0
464, 116000, 29, 7334.382651519999
464, 116050, 30.5, 0
464, 116100, 28.666666666666668, 0
464, 116150, 29.5, 0
464, 116200, 31.2, 0
465, 116250, 31, 7014.235434880005
465, 116300, 27.833333333333332, 0
465, 116350, 26, 0
465, 116400, 27.5, 0
465, 116450, 27.142857142857142, 0
466, 116500, 26, 8160.5680825600075
466, 116550, 27.285714285714285, 0
466, 116600, 26.5, 0
466, 116650, 28.333333333333332, 0
466, 116700, 28.666666666666668, 0
467, 116750, 26, 6724.328924800005
467, 116800, 27.5, 0
467, 116850, 0, 0
467, 116900, 0, 0
467, 116950, 0, 0
468, 117000, 0, 6803.376135360004
468, 117050, 27.8, 0
468, 117100, 26.333333333333332, 0
468, 117150, 28.571428571428573, 0
468, 117200, 27.894736842105264, 0
469, 117250, 0, 7459.361222399999
469, 117300, 26, 0
469, 117350, 0, 0
469, 117400, 27.5, 0
469, 117450, 27, 0
470, 117500, 0, 7366.872736959998
470, 117550, 30.647058823529413, 0
470, 117600, 32.4, 0
470, 117650, 30.285714285714285, 0
470, 117700, 32.142857142857146, 0
471, 117750, 27, 7953.1733488
471, 117800, 27, 0
471, 117850, 27.333333333333332, 0
471, 117900, 26, 0
471, 117950, 28, 0
472, 118000, 0, 6605.207983039997
472, 118050, 33.11764705882353, 0
472, 118100, 30.11764705882353, 0
472, 118150, 26.4, 0
472, 118200, 26, 0
473, 118250, 0, 8243.26742528
473, 118300, 30.866666666666667, 0
473, 118350, 31, 0
473, 118400, 28, 0
473, 118450, 31.666666666666668, 0
474, 118500, 0, 7390.282987840004
474, 118550, 30.125, 0
474, 118600, 29, 0
474, 118650, 27.333333333333332, 0
474, 118700, 28.5, 0
475, 118750, 26, 7260.673424320007
475, 118800, 31.833333333333332, 0
475, 118850, 29, 0
475, 118900, 28, 0
475, 118950, 27, 0
476, 119000, 0, 7955.041496960001
476, 119050, 38.68421052631579, 0
476, 119100, 28.904761904761905, 0
476, 119150, 30.066666666666666, 0
476, 119200, 28.333333333333332, 0
477, 119250, 0, 8993.17030528
477, 119300, 31.65, 0
477, 119350, 30.75, 0
477, 119400, 33, 0
477, 119450, 30, 0
478, 119500, 29.5, 7228.228856320005
478, 119550, 27.5, 0
478, 119600, 29.428571428571427, 0
478, 119650, 29.5, 0
478, 119700, 30.75, 0
479, 119750, 0, 6554.15997728
479, 119800, 29.074074074074073, 0
479, 119850, 30, 0
479, 119900, 27.4, 0
479, 119950, 29.11111111111111, 0
480, 120000, 27, 7450.724645760002
480, 120050, 0, 0
480, 120100, 31.058823529411764, 0
480, 120150, 28.4, 0
480, 120200, 26.5, 0
481, 120250, 0, 8474.27818496
481, 120300, 26.666666666666668, 0
481, 120350, 33, 0
481, 120400, 29, 0
481, 120450, 31.5, 0
482, 120500, 0, 7355.636579520003
482, 120550, 29, 0
482, 120600, 28, 0
482, 120650, 28.2, 0
482, 120700, 29.5, 0
483, 120750, 0, 7762.745417920007
483, 120800, 29.066666666666666, 0
483, 120850, 28.4, 0
483, 120900, 28.75, 0
483, 120950, 28.6, 0
484, 121000, 28, 7600.576347840013
484, 121050, 34, 0
484, 121100, 32.666666666666664, 0
484, 121150, 30.125, 0
484, 121200, 30.9, 0
485, 121250, 0, 7195.1907104000065
485, 121300, 0, 0
485, 121350, 26.125, 0
485, 121400, 26.5, 0
485, 121450, 26, 0
486, 121500, 0, 6283.946226560002
486, 121550, 30.083333333333332, 0
486, 121600, 31.333333333333332, 0
486, 121650, 29, 0
486, 121700, 29.6, 0
487, 121750, 28, 7780.398044800004
487, 121800, 27.454545454545453, 0
487, 121850, 29.5, 0
487, 121900, 28.666666666666668, 0
487, 121950, 27.666666666666668, 0
488, 122000, 26, 8283.226498560005
488, 122050, 32.03846153846154, 0
488, 122100, 32, 0
488, 122150, 28.555555555555557, 0
488, 122200, 28.714285714285715, 0
489, 122250, 0, 7960.0918848
489, 122300, 28.75, 0
489, 122350, 32.333333333333336, 0
489, 122400, 30.5, 0
489, 122450, 30.75, 0
490, 122500, 30, 6944.839165760004
490, 122550, 0, 0
490, 122600, 28.136363636363637, 0
490, 122650, 28.6, 0
490, 122700, 30.5, 0
491, 122750, 0, 7185.0981174400085
491, 122800, 27, 0
491, 122850, 31, 0
491, 122900, 26.875, 0
491, 122950, 28.5, 0
492, 123000, 30, 7781.100950720004
492, 123050, 30.9, 0
492, 123100, 28, 0
492, 123150, 31.5, 0
492, 123200, 33, 0
493, 123250, 0, 6405.574429439999
493, 123300, 33.625, 0
493, 123350, 28.77777777777778, 0
493, 123400, 26.5, 0
493, 123450, 28, 0
494, 123500, 0, 8000.870936959997
494, 123550, 30.833333333333332, 0
494, 123600, 34.333333333333336, 0
494, 123650, 29, 0
494, 123700, 29.5, 0
495, 123750, 0, 7842.437386560003
495, 123800, 29.11111111111111, 0
495, 123850, 29.555555555555557, 0
495, 123900, 29, 0
495, 123950, 31.5, 0
496, 124000, 0, 7008.493257920001
496, 124050, 30, 0
496, 124100, 28, 0
496, 124150, 29, 0
496, 124200, 0, 0
497, 124250, 0, 7561.064816320007
497, 124300, 34.125, 0
497, 124350, 28.25, 0
497, 124400, 27.5, 0
497, 124450, 28, 0
498, 124500, 27, 7972.025032960006
498, 124550, 29.933333333333334, 0
498, 124600, 30, 0
498, 124650, 29, 0
498, 124700, 32.166666666666664, 0
499, 124750, 27, 6663.36191296
499, 124800, 30, 0
499, 124850, 30, 0
499, 124900, 26, 0
499, 124950, 29.25, 0
500, 125000, 0, 7262.491031680005
