--------------------------------------------------------------------------------
TIMESTAMP: 11:59:36.841 AM 16-Jun-2022
PARAMS:
  population 0
  wiggle-angle 45
  look-ahead 1
  sniff-threshold 0.9
  sniff-angle 45
  chemical-drop 3
  diffuse-share 1
  evaporation-rate 0.95
  cluster-threshold 25
  cluster-radius 10
  learning-turtles 50
  ticks-per-episode 250
  episodes 500
  learning-rate 0.1
  discount-factor 0.9
  reward 100
  penalty -1
  e-greedy 0.5 0.9
ACTION SPACE: move-toward-chemical random-walk drop-chemical
OBSERVATION SPACE: chemical-here in-cluster
REWARD: rewardFunc8
--------------------------------------------------------------------------------
Episode, Tick, Avg custer size X tick, Avg reward X episode, Actions distribution
0, 50, 0, 0
0, 100, 0, 0
0, 150, 0, 0
0, 200, 0, 0
1, 250, 0, 4085.0799999999995
1, 300, 0, 0
1, 350, 0, 0
1, 400, 0, 0
1, 450, 0, 0
2, 500, 26, 4421.081224960002
2, 550, 0, 0
2, 600, 0, 0
2, 650, 0, 0
2, 700, 26.333333333333332, 0
3, 750, 28.5, 4767.351028159999
3, 800, 0, 0
3, 850, 0, 0
3, 900, 0, 0
3, 950, 0, 0
4, 1000, 0, 3959.5759999999996
4, 1050, 0, 0
4, 1100, 0, 0
4, 1150, 0, 0
4, 1200, 26, 0
5, 1250, 26, 5291.359220479999
5, 1300, 0, 0
5, 1350, 0, 0
5, 1400, 0, 0
5, 1450, 0, 0
6, 1500, 30, 4149.9960028800015
6, 1550, 0, 0
6, 1600, 0, 0
6, 1650, 0, 0
6, 1700, 26.75, 0
7, 1750, 26.5, 4797.106027520001
7, 1800, 0, 0
7, 1850, 0, 0
7, 1900, 0, 0
7, 1950, 0, 0
8, 2000, 0, 3967.7040000000006
8, 2050, 0, 0
8, 2100, 0, 0
8, 2150, 0, 0
8, 2200, 0, 0
9, 2250, 0, 4490.743999999999
9, 2300, 0, 0
9, 2350, 0, 0
9, 2400, 0, 0
9, 2450, 0, 0
10, 2500, 28.666666666666668, 4094.0308214400015
10, 2550, 0, 0
10, 2600, 0, 0
10, 2650, 0, 0
10, 2700, 0, 0
11, 2750, 0, 4581.74483808
11, 2800, 0, 0
11, 2850, 0, 0
11, 2900, 0, 0
11, 2950, 0, 0
12, 3000, 0, 5479.1232752000005
12, 3050, 0, 0
12, 3100, 0, 0
12, 3150, 0, 0
12, 3200, 0, 0
13, 3250, 0, 4737.752
13, 3300, 0, 0
13, 3350, 0, 0
13, 3400, 0, 0
13, 3450, 0, 0
14, 3500, 0, 4696.376
14, 3550, 0, 0
14, 3600, 0, 0
14, 3650, 0, 0
14, 3700, 0, 0
15, 3750, 0, 4852.6320000000005
15, 3800, 0, 0
15, 3850, 0, 0
15, 3900, 29.136363636363637, 0
15, 3950, 29.444444444444443, 0
16, 4000, 29.142857142857142, 6435.900780160001
16, 4050, 0, 0
16, 4100, 0, 0
16, 4150, 0, 0
16, 4200, 0, 0
17, 4250, 0, 5283.288000000001
17, 4300, 0, 0
17, 4350, 0, 0
17, 4400, 0, 0
17, 4450, 26, 0
18, 4500, 26, 5981.265116160001
18, 4550, 0, 0
18, 4600, 0, 0
18, 4650, 27.533333333333335, 0
18, 4700, 27.272727272727273, 0
19, 4750, 27, 6899.727914880005
19, 4800, 0, 0
19, 4850, 0, 0
19, 4900, 0, 0
19, 4950, 0, 0
20, 5000, 0, 4740.215999999999
20, 5050, 0, 0
20, 5100, 26, 0
20, 5150, 28.545454545454547, 0
20, 5200, 28.071428571428573, 0
21, 5250, 27, 6556.016090240004
21, 5300, 0, 0
21, 5350, 27, 0
21, 5400, 28.5, 0
21, 5450, 29.863636363636363, 0
22, 5500, 29.857142857142858, 6227.87624992
22, 5550, 0, 0
22, 5600, 0, 0
22, 5650, 0, 0
22, 5700, 27.384615384615383, 0
23, 5750, 27.25, 5162.780665280003
23, 5800, 0, 0
23, 5850, 27.5, 0
23, 5900, 30.5, 0
23, 5950, 29.59090909090909, 0
24, 6000, 28.833333333333332, 5967.130008960003
24, 6050, 0, 0
24, 6100, 0, 0
24, 6150, 0, 0
24, 6200, 0, 0
25, 6250, 0, 4727.895999999999
25, 6300, 0, 0
25, 6350, 0, 0
25, 6400, 0, 0
25, 6450, 0, 0
26, 6500, 0, 4673.400000000001
26, 6550, 0, 0
26, 6600, 0, 0
26, 6650, 27.46153846153846, 0
26, 6700, 30.285714285714285, 0
27, 6750, 26.833333333333332, 5755.783445760002
27, 6800, 0, 0
27, 6850, 0, 0
27, 6900, 0, 0
27, 6950, 0, 0
28, 7000, 0, 4333.56
28, 7050, 0, 0
28, 7100, 0, 0
28, 7150, 0, 0
28, 7200, 0, 0
29, 7250, 0, 4434.615999999998
29, 7300, 0, 0
29, 7350, 0, 0
29, 7400, 0, 0
29, 7450, 0, 0
30, 7500, 0, 5274.884792320001
30, 7550, 0, 0
30, 7600, 0, 0
30, 7650, 0, 0
30, 7700, 0, 0
31, 7750, 0, 4748.664000000001
31, 7800, 0, 0
31, 7850, 0, 0
31, 7900, 0, 0
31, 7950, 26.285714285714285, 0
32, 8000, 0, 5079.581430400003
32, 8050, 0, 0
32, 8100, 0, 0
32, 8150, 0, 0
32, 8200, 29, 0
33, 8250, 28.5, 5536.149984
33, 8300, 0, 0
33, 8350, 0, 0
33, 8400, 0, 0
33, 8450, 27.833333333333332, 0
34, 8500, 29, 5209.517425920003
34, 8550, 0, 0
34, 8600, 0, 0
34, 8650, 0, 0
34, 8700, 0, 0
35, 8750, 0, 5627.834100799998
35, 8800, 0, 0
35, 8850, 0, 0
35, 8900, 0, 0
35, 8950, 0, 0
36, 9000, 0, 4243.063999999999
36, 9050, 0, 0
36, 9100, 27.923076923076923, 0
36, 9150, 28.733333333333334, 0
36, 9200, 30.958333333333332, 0
37, 9250, 30.444444444444443, 6883.889434880002
37, 9300, 0, 0
37, 9350, 0, 0
37, 9400, 0, 0
37, 9450, 0, 0
38, 9500, 0, 4358.947021119999
38, 9550, 0, 0
38, 9600, 0, 0
38, 9650, 28.5, 0
38, 9700, 29.789473684210527, 0
39, 9750, 28.75, 6252.575987520003
39, 9800, 27.25, 0
39, 9850, 29.55, 0
39, 9900, 28.894736842105264, 0
39, 9950, 30.666666666666668, 0
40, 10000, 27.5, 7810.051772159999
40, 10050, 26, 0
40, 10100, 26, 0
40, 10150, 0, 0
40, 10200, 0, 0
41, 10250, 0, 5727.744198080006
41, 10300, 26, 0
41, 10350, 0, 0
41, 10400, 0, 0
41, 10450, 0, 0
42, 10500, 0, 6646.651678080002
42, 10550, 0, 0
42, 10600, 0, 0
42, 10650, 0, 0
42, 10700, 0, 0
43, 10750, 0, 6757.945923200002
43, 10800, 0, 0
43, 10850, 31, 0
43, 10900, 30.59090909090909, 0
43, 10950, 29.058823529411764, 0
44, 11000, 28, 7267.737719680004
44, 11050, 0, 0
44, 11100, 0, 0
44, 11150, 0, 0
44, 11200, 0, 0
45, 11250, 0, 5719.2205385600055
45, 11300, 0, 0
45, 11350, 0, 0
45, 11400, 26, 0
45, 11450, 26, 0
46, 11500, 0, 6091.998393600003
46, 11550, 28.76923076923077, 0
46, 11600, 31.74074074074074, 0
46, 11650, 31.62962962962963, 0
46, 11700, 30.08, 0
47, 11750, 28.88888888888889, 7850.174705599999
47, 11800, 0, 0
47, 11850, 0, 0
47, 11900, 0, 0
47, 11950, 28.666666666666668, 0
48, 12000, 0, 6704.926438400001
48, 12050, 28.958333333333332, 0
48, 12100, 30.44, 0
48, 12150, 32.793103448275865, 0
48, 12200, 31.96, 0
49, 12250, 31.818181818181817, 8545.35905664
49, 12300, 26, 0
49, 12350, 27, 0
49, 12400, 30.875, 0
49, 12450, 29.95, 0
50, 12500, 27, 6315.877106880001
50, 12550, 0, 0
50, 12600, 0, 0
50, 12650, 0, 0
50, 12700, 27.5, 0
51, 12750, 28.333333333333332, 5544.265676160002
51, 12800, 26.666666666666668, 0
51, 12850, 26, 0
51, 12900, 27, 0
51, 12950, 26.166666666666668, 0
52, 13000, 27, 6381.508048640003
52, 13050, 27.571428571428573, 0
52, 13100, 29.642857142857142, 0
52, 13150, 30.24, 0
52, 13200, 28.181818181818183, 0
53, 13250, 28.285714285714285, 7335.839407360002
53, 13300, 27, 0
53, 13350, 27.5, 0
53, 13400, 27.846153846153847, 0
53, 13450, 28.7, 0
54, 13500, 30, 7536.035492800005
54, 13550, 27.65, 0
54, 13600, 31, 0
54, 13650, 29.157894736842106, 0
54, 13700, 31.0625, 0
55, 13750, 28.2, 7337.130706560005
55, 13800, 0, 0
55, 13850, 0, 0
55, 13900, 0, 0
55, 13950, 0, 0
56, 14000, 0, 5545.2643305599995
56, 14050, 0, 0
56, 14100, 26, 0
56, 14150, 0, 0
56, 14200, 26.428571428571427, 0
57, 14250, 26, 6228.753641280004
57, 14300, 29.857142857142858, 0
57, 14350, 29.91304347826087, 0
57, 14400, 30.63157894736842, 0
57, 14450, 29.72222222222222, 0
58, 14500, 28, 7645.275798400002
58, 14550, 0, 0
58, 14600, 27, 0
58, 14650, 27, 0
58, 14700, 27, 0
59, 14750, 0, 6083.873091520002
59, 14800, 26, 0
59, 14850, 0, 0
59, 14900, 0, 0
59, 14950, 26, 0
60, 15000, 0, 6194.242058560003
60, 15050, 0, 0
60, 15100, 0, 0
60, 15150, 0, 0
60, 15200, 0, 0
61, 15250, 0, 5117.975999999999
61, 15300, 0, 0
61, 15350, 0, 0
61, 15400, 0, 0
61, 15450, 0, 0
62, 15500, 0, 5863.315051839999
62, 15550, 28.72222222222222, 0
62, 15600, 30.05263157894737, 0
62, 15650, 28.36842105263158, 0
62, 15700, 30.428571428571427, 0
63, 15750, 28, 7088.4187945600015
63, 15800, 30, 0
63, 15850, 28.65, 0
63, 15900, 28.4375, 0
63, 15950, 30.26086956521739, 0
64, 16000, 27.75, 7649.031588159999
64, 16050, 26.705882352941178, 0
64, 16100, 26.8, 0
64, 16150, 26.6, 0
64, 16200, 27.428571428571427, 0
65, 16250, 28, 6786.918543680005
65, 16300, 29.266666666666666, 0
65, 16350, 28.615384615384617, 0
65, 16400, 31.863636363636363, 0
65, 16450, 30.904761904761905, 0
66, 16500, 29.2, 8131.126173120001
66, 16550, 28.17391304347826, 0
66, 16600, 28.217391304347824, 0
66, 16650, 27.8125, 0
66, 16700, 26.61111111111111, 0
67, 16750, 26.5, 7080.526422400001
67, 16800, 26.846153846153847, 0
67, 16850, 28.0625, 0
67, 16900, 26.416666666666668, 0
67, 16950, 27.692307692307693, 0
68, 17000, 26, 6724.601796159998
68, 17050, 0, 0
68, 17100, 26.333333333333332, 0
68, 17150, 29.68421052631579, 0
68, 17200, 29.375, 0
69, 17250, 27.25, 7373.193778559999
69, 17300, 28.75, 0
69, 17350, 29.681818181818183, 0
69, 17400, 29.52, 0
69, 17450, 28.45, 0
70, 17500, 29.5, 7816.543104639997
70, 17550, 0, 0
70, 17600, 0, 0
70, 17650, 0, 0
70, 17700, 0, 0
71, 17750, 26, 7731.005281919999
71, 17800, 26.238095238095237, 0
71, 17850, 32.515151515151516, 0
71, 17900, 30.566666666666666, 0
71, 17950, 32.8125, 0
72, 18000, 28.375, 8717.905969279998
72, 18050, 26.88888888888889, 0
72, 18100, 28, 0
72, 18150, 29.74074074074074, 0
72, 18200, 31.066666666666666, 0
73, 18250, 29.5, 8299.539931520003
73, 18300, 30.46153846153846, 0
73, 18350, 28.904761904761905, 0
73, 18400, 29.608695652173914, 0
73, 18450, 29.23076923076923, 0
74, 18500, 28.833333333333332, 8581.0716608
74, 18550, 27.533333333333335, 0
74, 18600, 28.73913043478261, 0
74, 18650, 28.38888888888889, 0
74, 18700, 30.208333333333332, 0
75, 18750, 28.166666666666668, 8267.622231680005
75, 18800, 31.714285714285715, 0
75, 18850, 30.761904761904763, 0
75, 18900, 29.88888888888889, 0
75, 18950, 32.76923076923077, 0
76, 19000, 31.23076923076923, 9291.629050239999
76, 19050, 32.28125, 0
76, 19100, 37.65853658536585, 0
76, 19150, 34.54545454545455, 0
76, 19200, 33.75757575757576, 0
77, 19250, 31.75, 11295.296255360003
77, 19300, 33.484848484848484, 0
77, 19350, 31.26086956521739, 0
77, 19400, 33.92857142857143, 0
77, 19450, 31.375, 0
78, 19500, 33, 9958.213644480005
78, 19550, 33.45945945945946, 0
78, 19600, 31.933333333333334, 0
78, 19650, 34.44117647058823, 0
78, 19700, 34.515151515151516, 0
79, 19750, 30.5, 10113.481664960002
79, 19800, 26, 0
79, 19850, 0, 0
79, 19900, 0, 0
79, 19950, 26.2, 0
80, 20000, 0, 7636.567183040006
80, 20050, 35.111111111111114, 0
80, 20100, 34.8, 0
80, 20150, 34.088235294117645, 0
80, 20200, 35.80555555555556, 0
81, 20250, 32.666666666666664, 10228.912117759995
81, 20300, 28.38888888888889, 0
81, 20350, 28.38888888888889, 0
81, 20400, 29.47826086956522, 0
81, 20450, 29.84, 0
82, 20500, 28.11111111111111, 8486.267279040001
82, 20550, 31.35483870967742, 0
82, 20600, 31.428571428571427, 0
82, 20650, 29.03846153846154, 0
82, 20700, 31.035714285714285, 0
83, 20750, 28.75, 8618.077336640003
83, 20800, 28.555555555555557, 0
83, 20850, 26.615384615384617, 0
83, 20900, 28.1875, 0
83, 20950, 27.94736842105263, 0
84, 21000, 26, 8741.592722240004
84, 21050, 36.97222222222222, 0
84, 21100, 38.54054054054054, 0
84, 21150, 35.972972972972975, 0
84, 21200, 38.054054054054056, 0
85, 21250, 33.15384615384615, 11748.54457696
85, 21300, 33.25806451612903, 0
85, 21350, 33.064516129032256, 0
85, 21400, 31.74074074074074, 0
85, 21450, 33.225806451612904, 0
86, 21500, 30, 9822.996981440001
86, 21550, 0, 0
86, 21600, 32.55882352941177, 0
86, 21650, 35, 0
86, 21700, 37.12820512820513, 0
87, 21750, 32.5, 10451.30526528
87, 21800, 32.87096774193548, 0
87, 21850, 32.6, 0
87, 21900, 32.407407407407405, 0
87, 21950, 34.193548387096776, 0
88, 22000, 31.555555555555557, 9849.294129600003
88, 22050, 35.69767441860465, 0
88, 22100, 35.7027027027027, 0
88, 22150, 34.63333333333333, 0
88, 22200, 34.85294117647059, 0
89, 22250, 31.25, 10715.44836192
89, 22300, 30.05, 0
89, 22350, 31.153846153846153, 0
89, 22400, 33.6, 0
89, 22450, 31.791666666666668, 0
90, 22500, 28.857142857142858, 9310.069927679997
90, 22550, 34.14705882352941, 0
90, 22600, 37.31578947368421, 0
90, 22650, 33.93103448275862, 0
90, 22700, 34.611111111111114, 0
91, 22750, 26.714285714285715, 11353.026177280002
91, 22800, 32.48, 0
91, 22850, 32.241379310344826, 0
91, 22900, 34.107142857142854, 0
91, 22950, 32.925925925925924, 0
92, 23000, 29, 10257.679161920001
92, 23050, 29.84, 0
92, 23100, 31.307692307692307, 0
92, 23150, 33.0625, 0
92, 23200, 31.9, 0
93, 23250, 30.5, 9347.05467808
93, 23300, 32.78378378378378, 0
93, 23350, 35.27272727272727, 0
93, 23400, 34.473684210526315, 0
93, 23450, 35.5, 0
94, 23500, 31.833333333333332, 11066.423699200004
94, 23550, 31.321428571428573, 0
94, 23600, 34.088235294117645, 0
94, 23650, 35.02564102564103, 0
94, 23700, 35.73529411764706, 0
95, 23750, 32.5, 11597.87714176
95, 23800, 0, 0
95, 23850, 27.125, 0
95, 23900, 32.9375, 0
95, 23950, 31.59259259259259, 0
96, 24000, 30.1, 8536.278804800002
96, 24050, 35.13157894736842, 0
96, 24100, 36.743589743589745, 0
96, 24150, 40.04761904761905, 0
96, 24200, 36.25714285714286, 0
97, 24250, 31.285714285714285, 12033.165835520003
97, 24300, 31.2, 0
97, 24350, 30.92, 0
97, 24400, 32.51851851851852, 0
97, 24450, 30.291666666666668, 0
98, 24500, 29.2, 9181.631976960001
98, 24550, 36.41025641025641, 0
98, 24600, 37.68421052631579, 0
98, 24650, 32.90625, 0
98, 24700, 35.114285714285714, 0
99, 24750, 28.3, 11130.949967039998
99, 24800, 39.65909090909091, 0
99, 24850, 37.5, 0
99, 24900, 38.69767441860465, 0
99, 24950, 39.54761904761905, 0
100, 25000, 33.3125, 12321.502436800001
100, 25050, 35.794871794871796, 0
100, 25100, 33.114285714285714, 0
100, 25150, 32.96666666666667, 0
100, 25200, 34.42424242424242, 0
101, 25250, 30.916666666666668, 11213.191079039998
101, 25300, 31.785714285714285, 0
101, 25350, 29.208333333333332, 0
101, 25400, 31.125, 0
101, 25450, 33.1, 0
102, 25500, 28, 9249.178602879998
102, 25550, 26.846153846153847, 0
102, 25600, 26.8, 0
102, 25650, 27.6, 0
102, 25700, 27.523809523809526, 0
103, 25750, 27.333333333333332, 7686.94135936
103, 25800, 30.692307692307693, 0
103, 25850, 31.96551724137931, 0
103, 25900, 30.53846153846154, 0
103, 25950, 31.82758620689655, 0
104, 26000, 29, 8368.416637120003
104, 26050, 28.75, 0
104, 26100, 28.958333333333332, 0
104, 26150, 28.333333333333332, 0
104, 26200, 28.90909090909091, 0
105, 26250, 26.5, 8004.126101439998
105, 26300, 0, 0
105, 26350, 26, 0
105, 26400, 26.72222222222222, 0
105, 26450, 27.818181818181817, 0
106, 26500, 27, 8202.350294400001
106, 26550, 29.26086956521739, 0
106, 26600, 36.666666666666664, 0
106, 26650, 36.94871794871795, 0
106, 26700, 37.21951219512195, 0
107, 26750, 31.916666666666668, 11442.987127360004
107, 26800, 30.238095238095237, 0
107, 26850, 30.48148148148148, 0
107, 26900, 31.307692307692307, 0
107, 26950, 30.083333333333332, 0
108, 27000, 30.833333333333332, 8529.865272639998
108, 27050, 31.3, 0
108, 27100, 35.23076923076923, 0
108, 27150, 35.526315789473685, 0
108, 27200, 34.83720930232558, 0
109, 27250, 31, 10949.0366992
109, 27300, 29.653846153846153, 0
109, 27350, 29.304347826086957, 0
109, 27400, 30.304347826086957, 0
109, 27450, 31.366666666666667, 0
110, 27500, 29.666666666666668, 9147.361449279999
110, 27550, 28.41176470588235, 0
110, 27600, 34.57142857142857, 0
110, 27650, 35.282051282051285, 0
110, 27700, 34.484848484848484, 0
111, 27750, 29, 9901.246186559998
111, 27800, 0, 0
111, 27850, 26.307692307692307, 0
111, 27900, 27.529411764705884, 0
111, 27950, 26.923076923076923, 0
112, 28000, 26.5, 7046.689539840005
112, 28050, 0, 0
112, 28100, 27.1, 0
112, 28150, 27.428571428571427, 0
112, 28200, 28.545454545454547, 0
113, 28250, 28, 7433.464394240001
113, 28300, 0, 0
113, 28350, 28.22222222222222, 0
113, 28400, 28.944444444444443, 0
113, 28450, 29, 0
114, 28500, 27, 8044.721190719998
114, 28550, 0, 0
114, 28600, 34.526315789473685, 0
114, 28650, 31.655172413793103, 0
114, 28700, 32.63333333333333, 0
115, 28750, 32.45454545454545, 9830.180322240001
115, 28800, 37.02439024390244, 0
115, 28850, 32.888888888888886, 0
115, 28900, 33, 0
115, 28950, 34.25714285714286, 0
116, 29000, 32.166666666666664, 10810.710223359996
116, 29050, 0, 0
116, 29100, 0, 0
116, 29150, 0, 0
116, 29200, 0, 0
117, 29250, 0, 5335.6474982400005
117, 29300, 27.208333333333332, 0
117, 29350, 26.818181818181817, 0
117, 29400, 26.954545454545453, 0
117, 29450, 26.055555555555557, 0
118, 29500, 27, 7078.3084544
118, 29550, 0, 0
118, 29600, 29.615384615384617, 0
118, 29650, 30.392857142857142, 0
118, 29700, 30.517241379310345, 0
119, 29750, 28.125, 8478.786323519998
119, 29800, 34.55882352941177, 0
119, 29850, 37.53658536585366, 0
119, 29900, 36.1025641025641, 0
119, 29950, 35.24242424242424, 0
120, 30000, 30.444444444444443, 11192.33978912
120, 30050, 34.1, 0
120, 30100, 33.72222222222222, 0
120, 30150, 35.63157894736842, 0
120, 30200, 33.114285714285714, 0
121, 30250, 32.9, 11381.77139808
121, 30300, 32.214285714285715, 0
121, 30350, 34.75757575757576, 0
121, 30400, 36.95, 0
121, 30450, 34.44444444444444, 0
122, 30500, 32.53846153846154, 11093.915969279997
122, 30550, 29.444444444444443, 0
122, 30600, 32.72222222222222, 0
122, 30650, 33.888888888888886, 0
122, 30700, 34.08108108108108, 0
123, 30750, 32.142857142857146, 10445.051164479999
123, 30800, 36.4, 0
123, 30850, 39.46341463414634, 0
123, 30900, 39.475, 0
123, 30950, 39.15, 0
124, 31000, 32.44444444444444, 12271.93946239999
124, 31050, 29.73913043478261, 0
124, 31100, 31.125, 0
124, 31150, 30.954545454545453, 0
124, 31200, 31.185185185185187, 0
125, 31250, 30.22222222222222, 8521.87580288
125, 31300, 36.138888888888886, 0
125, 31350, 35.578947368421055, 0
125, 31400, 34.36363636363637, 0
125, 31450, 35.22857142857143, 0
126, 31500, 30.90909090909091, 10295.674626880002
126, 31550, 29.11111111111111, 0
126, 31600, 29.142857142857142, 0
126, 31650, 29.4, 0
126, 31700, 29.310344827586206, 0
127, 31750, 28.2, 7437.310173440001
127, 31800, 27.85185185185185, 0
127, 31850, 27.44, 0
127, 31900, 28.46153846153846, 0
127, 31950, 28.03846153846154, 0
128, 32000, 27.2, 8243.960117439994
128, 32050, 28.666666666666668, 0
128, 32100, 28.666666666666668, 0
128, 32150, 28.958333333333332, 0
128, 32200, 28.352941176470587, 0
129, 32250, 27.5, 8311.620712
129, 32300, 27, 0
129, 32350, 0, 0
129, 32400, 0, 0
129, 32450, 0, 0
130, 32500, 0, 7634.968189119998
130, 32550, 0, 0
130, 32600, 31.523809523809526, 0
130, 32650, 32.96551724137931, 0
130, 32700, 31.833333333333332, 0
131, 32750, 30.125, 9211.76989344
131, 32800, 28.6, 0
131, 32850, 31.153846153846153, 0
131, 32900, 31.75, 0
131, 32950, 31.37037037037037, 0
132, 33000, 30.272727272727273, 9687.70392544
132, 33050, 30.88, 0
132, 33100, 33.833333333333336, 0
132, 33150, 36, 0
132, 33200, 34.375, 0
133, 33250, 31.133333333333333, 10341.376037440003
133, 33300, 33.61290322580645, 0
133, 33350, 34.40625, 0
133, 33400, 33.878787878787875, 0
133, 33450, 30.48148148148148, 0
134, 33500, 30.875, 9334.161435200003
134, 33550, 29, 0
134, 33600, 29.36, 0
134, 33650, 28.391304347826086, 0
134, 33700, 29.041666666666668, 0
135, 33750, 27.25, 8552.61923424
135, 33800, 32.172413793103445, 0
135, 33850, 34.5, 0
135, 33900, 33.87096774193548, 0
135, 33950, 32.4, 0
136, 34000, 28.22222222222222, 9492.920854719998
136, 34050, 31.82758620689655, 0
136, 34100, 38.125, 0
136, 34150, 37.23684210526316, 0
136, 34200, 38, 0
137, 34250, 30.733333333333334, 11270.05523936
137, 34300, 33.371428571428574, 0
137, 34350, 36.13157894736842, 0
137, 34400, 33.2972972972973, 0
137, 34450, 33, 0
138, 34500, 30.285714285714285, 10838.088268799993
138, 34550, 33.774193548387096, 0
138, 34600, 33, 0
138, 34650, 32.41379310344828, 0
138, 34700, 33.90909090909091, 0
139, 34750, 33, 9655.437752960004
139, 34800, 27.72, 0
139, 34850, 31.7, 0
139, 34900, 32.65625, 0
139, 34950, 33.13793103448276, 0
140, 35000, 28, 8771.222161920005
140, 35050, 32.85294117647059, 0
140, 35100, 34.885714285714286, 0
140, 35150, 36.07692307692308, 0
140, 35200, 39.63636363636363, 0
141, 35250, 32.8, 11293.398064
141, 35300, 28.4, 0
141, 35350, 30.14814814814815, 0
141, 35400, 31.11111111111111, 0
141, 35450, 30.62962962962963, 0
142, 35500, 27.875, 8739.59497632
142, 35550, 32.41379310344828, 0
142, 35600, 33.58064516129032, 0
142, 35650, 32.92857142857143, 0
142, 35700, 35.125, 0
143, 35750, 31.636363636363637, 9201.044493759997
143, 35800, 35.029411764705884, 0
143, 35850, 38.333333333333336, 0
143, 35900, 36.111111111111114, 0
143, 35950, 36.77777777777778, 0
144, 36000, 31.5, 11024.817263040002
144, 36050, 0, 0
144, 36100, 0, 0
144, 36150, 29.833333333333332, 0
144, 36200, 33.40625, 0
145, 36250, 29.857142857142858, 8153.345348480001
145, 36300, 28.954545454545453, 0
145, 36350, 28.294117647058822, 0
145, 36400, 33.60606060606061, 0
145, 36450, 35.588235294117645, 0
146, 36500, 30.6, 9266.307808320002
146, 36550, 32.206896551724135, 0
146, 36600, 32.3, 0
146, 36650, 33.36666666666667, 0
146, 36700, 32.96666666666667, 0
147, 36750, 29, 9286.412990400002
147, 36800, 31.041666666666668, 0
147, 36850, 30.714285714285715, 0
147, 36900, 30.4, 0
147, 36950, 30.75, 0
148, 37000, 28.166666666666668, 8538.509044800001
148, 37050, 34.083333333333336, 0
148, 37100, 35.28125, 0
148, 37150, 34.515151515151516, 0
148, 37200, 35.73529411764706, 0
149, 37250, 29.1875, 10381.587439360002
149, 37300, 27.75, 0
149, 37350, 27, 0
149, 37400, 26.7, 0
149, 37450, 27.071428571428573, 0
150, 37500, 0, 7513.713932800002
150, 37550, 32.86666666666667, 0
150, 37600, 31.423076923076923, 0
150, 37650, 30.75, 0
150, 37700, 31, 0
151, 37750, 30.333333333333332, 8453.800488960003
151, 37800, 30.25, 0
151, 37850, 31.76923076923077, 0
151, 37900, 30.130434782608695, 0
151, 37950, 32.13793103448276, 0
152, 38000, 28.75, 8572.16329824
152, 38050, 29.41176470588235, 0
152, 38100, 32.0625, 0
152, 38150, 33.97142857142857, 0
152, 38200, 35.23684210526316, 0
153, 38250, 31.727272727272727, 9951.48598176
153, 38300, 35.333333333333336, 0
153, 38350, 33.827586206896555, 0
153, 38400, 34.61290322580645, 0
153, 38450, 35.02857142857143, 0
154, 38500, 31.76923076923077, 10600.056083840002
154, 38550, 35.743589743589745, 0
154, 38600, 33.857142857142854, 0
154, 38650, 32.27272727272727, 0
154, 38700, 34.90625, 0
155, 38750, 31.76923076923077, 10573.324293119993
155, 38800, 32.42857142857143, 0
155, 38850, 32.535714285714285, 0
155, 38900, 32.38709677419355, 0
155, 38950, 34.333333333333336, 0
156, 39000, 30.916666666666668, 9977.25617856
156, 39050, 30.565217391304348, 0
156, 39100, 37.23684210526316, 0
156, 39150, 34.21621621621622, 0
156, 39200, 35.5, 0
157, 39250, 31.153846153846153, 10900.823298880006
157, 39300, 27.6875, 0
157, 39350, 29.19047619047619, 0
157, 39400, 33.225806451612904, 0
157, 39450, 33.78125, 0
158, 39500, 31.846153846153847, 9391.145419200002
158, 39550, 30.8, 0
158, 39600, 30.48, 0
158, 39650, 35.57142857142857, 0
158, 39700, 34.64705882352941, 0
159, 39750, 31.727272727272727, 10460.208804480002
159, 39800, 32.911764705882355, 0
159, 39850, 32.241379310344826, 0
159, 39900, 34.233333333333334, 0
159, 39950, 30.192307692307693, 0
160, 40000, 29.833333333333332, 9609.268648959996
160, 40050, 27.176470588235293, 0
160, 40100, 32.241379310344826, 0
160, 40150, 33.12903225806452, 0
160, 40200, 34.2972972972973, 0
161, 40250, 30.444444444444443, 9668.211559680007
161, 40300, 29.291666666666668, 0
161, 40350, 29.291666666666668, 0
161, 40400, 28.75, 0
161, 40450, 30.678571428571427, 0
162, 40500, 29.285714285714285, 8398.97498944
162, 40550, 35.91891891891892, 0
162, 40600, 36.19444444444444, 0
162, 40650, 35.27272727272727, 0
162, 40700, 35.5945945945946, 0
163, 40750, 32.4, 11250.957708160002
163, 40800, 33.53125, 0
163, 40850, 31.318181818181817, 0
163, 40900, 35.916666666666664, 0
163, 40950, 37.05263157894737, 0
164, 41000, 32.46153846153846, 10634.994212160002
164, 41050, 27.92, 0
164, 41100, 28.5, 0
164, 41150, 28.2, 0
164, 41200, 28.266666666666666, 0
165, 41250, 27, 7417.220406079998
165, 41300, 34.529411764705884, 0
165, 41350, 34.806451612903224, 0
165, 41400, 33.8125, 0
165, 41450, 36.69444444444444, 0
166, 41500, 31.454545454545453, 10324.4468448
166, 41550, 38.325581395348834, 0
166, 41600, 38, 0
166, 41650, 38.35897435897436, 0
166, 41700, 38.54054054054054, 0
167, 41750, 33.9375, 12053.380853440005
167, 41800, 27, 0
167, 41850, 26, 0
167, 41900, 33.25714285714286, 0
167, 41950, 36.628571428571426, 0
168, 42000, 31.22222222222222, 9508.807250880003
168, 42050, 32.333333333333336, 0
168, 42100, 32.166666666666664, 0
168, 42150, 34.5, 0
168, 42200, 32.529411764705884, 0
169, 42250, 31.3, 9459.56524864
169, 42300, 37.270833333333336, 0
169, 42350, 36.95454545454545, 0
169, 42400, 37, 0
169, 42450, 35.9, 0
170, 42500, 30.266666666666666, 12708.921080319995
170, 42550, 30.96551724137931, 0
170, 42600, 34.125, 0
170, 42650, 34.833333333333336, 0
170, 42700, 37.883720930232556, 0
171, 42750, 33.8, 10875.63800832
171, 42800, 32.78125, 0
171, 42850, 31.782608695652176, 0
171, 42900, 34.833333333333336, 0
171, 42950, 32.6, 0
172, 43000, 30.8, 9663.273842879997
172, 43050, 30.833333333333332, 0
172, 43100, 30.428571428571427, 0
172, 43150, 29, 0
172, 43200, 29.62962962962963, 0
173, 43250, 30.375, 9050.844084160002
173, 43300, 33.516129032258064, 0
173, 43350, 33.6875, 0
173, 43400, 36.80487804878049, 0
173, 43450, 35.666666666666664, 0
174, 43500, 32.142857142857146, 11756.492478400003
174, 43550, 27.75, 0
174, 43600, 29.77777777777778, 0
174, 43650, 29.074074074074073, 0
174, 43700, 30.047619047619047, 0
175, 43750, 29.363636363636363, 10183.444028479998
175, 43800, 31.4, 0
175, 43850, 36.7027027027027, 0
175, 43900, 33.794117647058826, 0
175, 43950, 37.026315789473685, 0
176, 44000, 33.07692307692308, 10810.39419424
176, 44050, 31.93103448275862, 0
176, 44100, 31.333333333333332, 0
176, 44150, 30.93548387096774, 0
176, 44200, 30.703703703703702, 0
177, 44250, 30, 8944.937722240002
177, 44300, 26, 0
177, 44350, 26, 0
177, 44400, 26, 0
177, 44450, 26, 0
178, 44500, 0, 7153.957398720002
178, 44550, 26, 0
178, 44600, 26, 0
178, 44650, 26, 0
178, 44700, 26, 0
179, 44750, 26, 8280.188000639999
179, 44800, 32.32432432432432, 0
179, 44850, 32.361111111111114, 0
179, 44900, 33.270270270270274, 0
179, 44950, 32.5945945945946, 0
180, 45000, 30.857142857142858, 11397.151788159998
180, 45050, 30.705882352941178, 0
180, 45100, 32.473684210526315, 0
180, 45150, 34.578947368421055, 0
180, 45200, 33.55172413793103, 0
181, 45250, 30.454545454545453, 11588.236961600003
181, 45300, 34.78947368421053, 0
181, 45350, 34.457142857142856, 0
181, 45400, 34.705882352941174, 0
181, 45450, 35.5, 0
182, 45500, 30.9, 10942.125006720002
182, 45550, 34.5, 0
182, 45600, 34.973684210526315, 0
182, 45650, 35.111111111111114, 0
182, 45700, 36.08108108108108, 0
183, 45750, 32.11764705882353, 11082.248316159998
183, 45800, 35, 0
183, 45850, 32.891891891891895, 0
183, 45900, 39.21951219512195, 0
183, 45950, 35.325, 0
184, 46000, 32.333333333333336, 11860.238271679998
184, 46050, 37.595238095238095, 0
184, 46100, 36.76470588235294, 0
184, 46150, 32.857142857142854, 0
184, 46200, 37.26315789473684, 0
185, 46250, 32.083333333333336, 11864.671381759998
185, 46300, 32.54838709677419, 0
185, 46350, 31.444444444444443, 0
185, 46400, 32.23529411764706, 0
185, 46450, 33.225806451612904, 0
186, 46500, 31.666666666666668, 9615.793801279997
186, 46550, 33.729729729729726, 0
186, 46600, 38.951219512195124, 0
186, 46650, 36.25, 0
186, 46700, 36.27777777777778, 0
187, 46750, 32.69230769230769, 11105.96830528
187, 46800, 33.08571428571429, 0
187, 46850, 35.6764705882353, 0
187, 46900, 32.483870967741936, 0
187, 46950, 33.645161290322584, 0
188, 47000, 30, 9441.84045088
188, 47050, 27, 0
188, 47100, 29.041666666666668, 0
188, 47150, 29.73076923076923, 0
188, 47200, 28.76, 0
189, 47250, 32.07692307692308, 7976.641082240002
189, 47300, 28.285714285714285, 0
189, 47350, 29.05263157894737, 0
189, 47400, 29.1875, 0
189, 47450, 29.96, 0
190, 47500, 28.5, 7566.077431999998
190, 47550, 0, 0
190, 47600, 0, 0
190, 47650, 0, 0
190, 47700, 0, 0
191, 47750, 0, 5767.607999999999
191, 47800, 33.45454545454545, 0
191, 47850, 32.588235294117645, 0
191, 47900, 34.891891891891895, 0
191, 47950, 37.48780487804878, 0
192, 48000, 30.77777777777778, 10501.305135679999
192, 48050, 31.535714285714285, 0
192, 48100, 31.566666666666666, 0
192, 48150, 33.689655172413794, 0
192, 48200, 32.275862068965516, 0
193, 48250, 31.416666666666668, 8910.210801919999
193, 48300, 29.85185185185185, 0
193, 48350, 29.88, 0
193, 48400, 29.52173913043478, 0
193, 48450, 30.964285714285715, 0
194, 48500, 28, 7969.751496959999
194, 48550, 27.884615384615383, 0
194, 48600, 30.322580645161292, 0
194, 48650, 30.25925925925926, 0
194, 48700, 30.5, 0
195, 48750, 28.6, 7932.414184640001
195, 48800, 33.22222222222222, 0
195, 48850, 36.23684210526316, 0
195, 48900, 38.75609756097561, 0
195, 48950, 38.5, 0
196, 49000, 32.5, 12112.218371519994
196, 49050, 34.83783783783784, 0
196, 49100, 34.93939393939394, 0
196, 49150, 37.578947368421055, 0
196, 49200, 37.375, 0
197, 49250, 33.75, 11473.993757760005
197, 49300, 26.181818181818183, 0
197, 49350, 28.333333333333332, 0
197, 49400, 28.285714285714285, 0
197, 49450, 28.64, 0
198, 49500, 27.2, 7526.620295360001
198, 49550, 36.972972972972975, 0
198, 49600, 32.333333333333336, 0
198, 49650, 36.32432432432432, 0
198, 49700, 36, 0
199, 49750, 31.1875, 11341.77262048
199, 49800, 26.357142857142858, 0
199, 49850, 33.36363636363637, 0
199, 49900, 32.97142857142857, 0
199, 49950, 32.8125, 0
200, 50000, 30.6, 8766.07867456
200, 50050, 27.9375, 0
200, 50100, 30.423076923076923, 0
200, 50150, 29.73076923076923, 0
200, 50200, 29.64, 0
201, 50250, 28, 7822.080944320001
201, 50300, 26.454545454545453, 0
201, 50350, 28.608695652173914, 0
201, 50400, 29.24, 0
201, 50450, 30.93103448275862, 0
202, 50500, 27.857142857142858, 7779.994767680002
202, 50550, 27.523809523809526, 0
202, 50600, 26.736842105263158, 0
202, 50650, 27, 0
202, 50700, 27.6, 0
203, 50750, 26.5, 7559.8901046400015
203, 50800, 0, 0
203, 50850, 0, 0
203, 50900, 0, 0
203, 50950, 0, 0
204, 51000, 0, 4979.832000000002
204, 51050, 0, 0
204, 51100, 0, 0
204, 51150, 0, 0
204, 51200, 0, 0
205, 51250, 0, 4722.552
205, 51300, 26, 0
205, 51350, 0, 0
205, 51400, 0, 0
205, 51450, 0, 0
206, 51500, 0, 5895.9074352000025
206, 51550, 29.208333333333332, 0
206, 51600, 28.42105263157895, 0
206, 51650, 33.43333333333333, 0
206, 51700, 30.115384615384617, 0
207, 51750, 28.142857142857142, 8185.399434880001
207, 51800, 0, 0
207, 51850, 0, 0
207, 51900, 0, 0
207, 51950, 0, 0
208, 52000, 0, 7108.215999999999
208, 52050, 0, 0
208, 52100, 0, 0
208, 52150, 0, 0
208, 52200, 0, 0
209, 52250, 0, 5960.4079999999985
209, 52300, 0, 0
209, 52350, 0, 0
209, 52400, 0, 0
209, 52450, 0, 0
210, 52500, 0, 5039.160000000001
210, 52550, 28.6875, 0
210, 52600, 29.333333333333332, 0
210, 52650, 30.5, 0
210, 52700, 31.307692307692307, 0
211, 52750, 30.444444444444443, 8316.750645439999
211, 52800, 26.90909090909091, 0
211, 52850, 26.88235294117647, 0
211, 52900, 26.94736842105263, 0
211, 52950, 26.764705882352942, 0
212, 53000, 26.5, 6798.25689824
212, 53050, 0, 0
212, 53100, 0, 0
212, 53150, 0, 0
212, 53200, 0, 0
213, 53250, 0, 5892.887999999999
213, 53300, 0, 0
213, 53350, 0, 0
213, 53400, 0, 0
213, 53450, 28.333333333333332, 0
214, 53500, 0, 5865.112879360002
214, 53550, 27, 0
214, 53600, 0, 0
214, 53650, 0, 0
214, 53700, 0, 0
215, 53750, 0, 5012.629369600003
215, 53800, 28, 0
215, 53850, 0, 0
215, 53900, 26.666666666666668, 0
215, 53950, 30.625, 0
216, 54000, 27.25, 5414.895643519999
216, 54050, 0, 0
216, 54100, 26, 0
216, 54150, 0, 0
216, 54200, 26.333333333333332, 0
217, 54250, 26.6, 6997.978807040001
217, 54300, 0, 0
217, 54350, 26, 0
217, 54400, 26.764705882352942, 0
217, 54450, 27.41176470588235, 0
218, 54500, 27.333333333333332, 6569.263576640003
218, 54550, 0, 0
218, 54600, 28.105263157894736, 0
218, 54650, 27.642857142857142, 0
218, 54700, 30.384615384615383, 0
219, 54750, 28.333333333333332, 6959.900501440001
219, 54800, 26.153846153846153, 0
219, 54850, 27, 0
219, 54900, 27.53846153846154, 0
219, 54950, 31.321428571428573, 0
220, 55000, 28.25, 7844.94598976
220, 55050, 33.484848484848484, 0
220, 55100, 35.333333333333336, 0
220, 55150, 34.59375, 0
220, 55200, 35.108108108108105, 0
221, 55250, 32.42857142857143, 11025.42881152
221, 55300, 29.666666666666668, 0
221, 55350, 28.4, 0
221, 55400, 29.291666666666668, 0
221, 55450, 29.923076923076923, 0
222, 55500, 28.25, 7816.524550719998
222, 55550, 26, 0
222, 55600, 26.333333333333332, 0
222, 55650, 27, 0
222, 55700, 28.533333333333335, 0
223, 55750, 27, 7531.332169920001
223, 55800, 0, 0
223, 55850, 0, 0
223, 55900, 0, 0
223, 55950, 0, 0
224, 56000, 0, 5948.024000000001
224, 56050, 30.23076923076923, 0
224, 56100, 30.217391304347824, 0
224, 56150, 31, 0
224, 56200, 32.32258064516129, 0
225, 56250, 28.857142857142858, 8235.456944320003
225, 56300, 26, 0
225, 56350, 26, 0
225, 56400, 29.666666666666668, 0
225, 56450, 29.541666666666668, 0
226, 56500, 29.666666666666668, 7192.390325440002
226, 56550, 0, 0
226, 56600, 32, 0
226, 56650, 35.86486486486486, 0
226, 56700, 35.75757575757576, 0
227, 56750, 30.727272727272727, 9752.88815264
227, 56800, 0, 0
227, 56850, 0, 0
227, 56900, 26.3, 0
227, 56950, 0, 0
228, 57000, 0, 5693.214555200006
228, 57050, 0, 0
228, 57100, 26.25, 0
228, 57150, 27.57894736842105, 0
228, 57200, 29.434782608695652, 0
229, 57250, 28, 7199.954127360002
229, 57300, 30.82608695652174, 0
229, 57350, 32.375, 0
229, 57400, 31.074074074074073, 0
229, 57450, 36.8, 0
230, 57500, 32.583333333333336, 9528.208699520004
230, 57550, 0, 0
230, 57600, 28.27777777777778, 0
230, 57650, 32.375, 0
230, 57700, 32.214285714285715, 0
231, 57750, 30.875, 7737.18321216
231, 57800, 29, 0
231, 57850, 29.333333333333332, 0
231, 57900, 30.846153846153847, 0
231, 57950, 28.545454545454547, 0
232, 58000, 30, 7725.739437119999
232, 58050, 28.6, 0
232, 58100, 29.25, 0
232, 58150, 30, 0
232, 58200, 30.17241379310345, 0
233, 58250, 28.4, 7706.651390079999
233, 58300, 27.25, 0
233, 58350, 30.17391304347826, 0
233, 58400, 29.90909090909091, 0
233, 58450, 29.08, 0
234, 58500, 26.714285714285715, 7279.527523200002
234, 58550, 28.166666666666668, 0
234, 58600, 32.51851851851852, 0
234, 58650, 32.42307692307692, 0
234, 58700, 31.37037037037037, 0
235, 58750, 31.375, 8586.625615359997
235, 58800, 0, 0
235, 58850, 27.571428571428573, 0
235, 58900, 29.464285714285715, 0
235, 58950, 28.26086956521739, 0
236, 59000, 27.5, 6859.4749008
236, 59050, 35.44736842105263, 0
236, 59100, 35.5945945945946, 0
236, 59150, 34.38235294117647, 0
236, 59200, 36.53658536585366, 0
237, 59250, 32.94444444444444, 11143.908120319997
237, 59300, 30.807692307692307, 0
237, 59350, 29.818181818181817, 0
237, 59400, 30.88, 0
237, 59450, 31.263157894736842, 0
238, 59500, 27.333333333333332, 7766.30526912
238, 59550, 28.454545454545453, 0
238, 59600, 27.6, 0
238, 59650, 29.46153846153846, 0
238, 59700, 31.076923076923077, 0
239, 59750, 30.555555555555557, 7708.366464319999
239, 59800, 0, 0
239, 59850, 0, 0
239, 59900, 0, 0
239, 59950, 0, 0
240, 60000, 0, 4992.088000000001
240, 60050, 0, 0
240, 60100, 0, 0
240, 60150, 0, 0
240, 60200, 0, 0
241, 60250, 0, 4941.167894399999
241, 60300, 0, 0
241, 60350, 26, 0
241, 60400, 29.217391304347824, 0
241, 60450, 28.458333333333332, 0
242, 60500, 26.75, 6520.18715936
242, 60550, 0, 0
242, 60600, 0, 0
242, 60650, 26, 0
242, 60700, 0, 0
243, 60750, 0, 6896.272188480004
243, 60800, 0, 0
243, 60850, 0, 0
243, 60900, 0, 0
243, 60950, 0, 0
244, 61000, 0, 4842.199999999998
244, 61050, 0, 0
244, 61100, 0, 0
244, 61150, 0, 0
244, 61200, 0, 0
245, 61250, 0, 5560.856
245, 61300, 0, 0
245, 61350, 26.571428571428573, 0
245, 61400, 26.6, 0
245, 61450, 26.666666666666668, 0
246, 61500, 27, 6353.884787199999
246, 61550, 0, 0
246, 61600, 27.470588235294116, 0
246, 61650, 26.764705882352942, 0
246, 61700, 27.80952380952381, 0
247, 61750, 27, 7302.31771072
247, 61800, 0, 0
247, 61850, 0, 0
247, 61900, 0, 0
247, 61950, 0, 0
248, 62000, 0, 4985.464000000002
248, 62050, 29.85185185185185, 0
248, 62100, 37.23076923076923, 0
248, 62150, 36.743589743589745, 0
248, 62200, 34.08571428571429, 0
249, 62250, 31, 10593.306883840001
249, 62300, 0, 0
249, 62350, 0, 0
249, 62400, 0, 0
249, 62450, 0, 0
250, 62500, 0, 5115.799999999999
250, 62550, 0, 0
250, 62600, 0, 0
250, 62650, 0, 0
250, 62700, 0, 0
251, 62750, 0, 5181.176
251, 62800, 0, 0
251, 62850, 28.076923076923077, 0
251, 62900, 28.071428571428573, 0
251, 62950, 28.785714285714285, 0
252, 63000, 29.5, 7445.043416640001
252, 63050, 35.361111111111114, 0
252, 63100, 36.078947368421055, 0
252, 63150, 34.96969696969697, 0
252, 63200, 36.3, 0
253, 63250, 31.142857142857142, 10664.730430719997
253, 63300, 29.555555555555557, 0
253, 63350, 33.0625, 0
253, 63400, 32.666666666666664, 0
253, 63450, 32, 0
254, 63500, 29.5, 8505.065213760003
254, 63550, 29.384615384615383, 0
254, 63600, 29.296296296296298, 0
254, 63650, 31.724137931034484, 0
254, 63700, 31.566666666666666, 0
255, 63750, 29.3, 8335.541068479999
255, 63800, 0, 0
255, 63850, 0, 0
255, 63900, 0, 0
255, 63950, 0, 0
256, 64000, 0, 6059.237800640001
256, 64050, 30.923076923076923, 0
256, 64100, 35.30555555555556, 0
256, 64150, 35.82857142857143, 0
256, 64200, 36.542857142857144, 0
257, 64250, 31.083333333333332, 10426.001298880003
257, 64300, 0, 0
257, 64350, 0, 0
257, 64400, 28, 0
257, 64450, 0, 0
258, 64500, 0, 5707.154516159996
258, 64550, 29.565217391304348, 0
258, 64600, 31.357142857142858, 0
258, 64650, 31.64, 0
258, 64700, 31.166666666666668, 0
259, 64750, 30.166666666666668, 8278.23799488
259, 64800, 27.6, 0
259, 64850, 27.045454545454547, 0
259, 64900, 27.05, 0
259, 64950, 27.583333333333332, 0
260, 65000, 27.75, 6893.491204799997
260, 65050, 27.2, 0
260, 65100, 28.772727272727273, 0
260, 65150, 30.416666666666668, 0
260, 65200, 32.87096774193548, 0
261, 65250, 30.46153846153846, 7609.673460159999
261, 65300, 0, 0
261, 65350, 0, 0
261, 65400, 0, 0
261, 65450, 0, 0
262, 65500, 0, 4351.768
262, 65550, 0, 0
262, 65600, 26.266666666666666, 0
262, 65650, 0, 0
262, 65700, 0, 0
263, 65750, 0, 5629.1612886400035
263, 65800, 0, 0
263, 65850, 0, 0
263, 65900, 0, 0
263, 65950, 0, 0
264, 66000, 0, 4235.256000000001
264, 66050, 0, 0
264, 66100, 0, 0
264, 66150, 0, 0
264, 66200, 0, 0
265, 66250, 0, 4255.224
265, 66300, 0, 0
265, 66350, 0, 0
265, 66400, 26, 0
265, 66450, 0, 0
266, 66500, 0, 5588.811405440004
266, 66550, 32.121212121212125, 0
266, 66600, 35.47222222222222, 0
266, 66650, 35.114285714285714, 0
266, 66700, 34.878787878787875, 0
267, 66750, 32.625, 10008.51513312
267, 66800, 0, 0
267, 66850, 0, 0
267, 66900, 0, 0
267, 66950, 28.25, 0
268, 67000, 30.75, 6353.032209920002
268, 67050, 28, 0
268, 67100, 31.3, 0
268, 67150, 31.357142857142858, 0
268, 67200, 34.3235294117647, 0
269, 67250, 30.46153846153846, 8753.86369664
269, 67300, 0, 0
269, 67350, 26, 0
269, 67400, 0, 0
269, 67450, 0, 0
270, 67500, 0, 5038.677554240004
270, 67550, 0, 0
270, 67600, 0, 0
270, 67650, 0, 0
270, 67700, 0, 0
271, 67750, 0, 5787.544
271, 67800, 0, 0
271, 67850, 28.22222222222222, 0
271, 67900, 0, 0
271, 67950, 0, 0
272, 68000, 26, 6754.804824320004
272, 68050, 32.294117647058826, 0
272, 68100, 32.166666666666664, 0
272, 68150, 33.333333333333336, 0
272, 68200, 38.333333333333336, 0
273, 68250, 33.5625, 10236.80814336
273, 68300, 28.6875, 0
273, 68350, 30.03448275862069, 0
273, 68400, 29.925925925925927, 0
273, 68450, 30.161290322580644, 0
274, 68500, 28.285714285714285, 7683.85262944
274, 68550, 0, 0
274, 68600, 0, 0
274, 68650, 0, 0
274, 68700, 0, 0
275, 68750, 0, 5575.744144640001
275, 68800, 0, 0
275, 68850, 0, 0
275, 68900, 0, 0
275, 68950, 26.52173913043478, 0
276, 69000, 27.5, 5290.224258240001
276, 69050, 29.291666666666668, 0
276, 69100, 31.20689655172414, 0
276, 69150, 32.10344827586207, 0
276, 69200, 31, 0
277, 69250, 29, 8533.96684832
277, 69300, 0, 0
277, 69350, 0, 0
277, 69400, 28.318181818181817, 0
277, 69450, 31.93548387096774, 0
278, 69500, 30.11111111111111, 7751.565175680003
278, 69550, 26.357142857142858, 0
278, 69600, 27.695652173913043, 0
278, 69650, 28.08, 0
278, 69700, 28.59259259259259, 0
279, 69750, 28.2, 7221.587460800004
279, 69800, 31.133333333333333, 0
279, 69850, 31.344827586206897, 0
279, 69900, 32, 0
279, 69950, 31.967741935483872, 0
280, 70000, 29.25, 8324.20166304
280, 70050, 0, 0
280, 70100, 0, 0
280, 70150, 0, 0
280, 70200, 0, 0
281, 70250, 0, 4349.14920352
281, 70300, 0, 0
281, 70350, 0, 0
281, 70400, 0, 0
281, 70450, 0, 0
282, 70500, 0, 4667.544
282, 70550, 28.76923076923077, 0
282, 70600, 29.115384615384617, 0
282, 70650, 29.03448275862069, 0
282, 70700, 29.535714285714285, 0
283, 70750, 28.625, 7706.576392639998
283, 70800, 0, 0
283, 70850, 0, 0
283, 70900, 0, 0
283, 70950, 0, 0
284, 71000, 0, 4243.384000000001
284, 71050, 0, 0
284, 71100, 26.833333333333332, 0
284, 71150, 27.210526315789473, 0
284, 71200, 27.761904761904763, 0
285, 71250, 26, 6661.326450880001
285, 71300, 26.8, 0
285, 71350, 27.916666666666668, 0
285, 71400, 31.970588235294116, 0
285, 71450, 33.457142857142856, 0
286, 71500, 28.428571428571427, 8416.67768416
286, 71550, 0, 0
286, 71600, 0, 0
286, 71650, 0, 0
286, 71700, 0, 0
287, 71750, 0, 6021.596395519999
287, 71800, 0, 0
287, 71850, 0, 0
287, 71900, 0, 0
287, 71950, 0, 0
288, 72000, 0, 4664.919999999999
288, 72050, 0, 0
288, 72100, 0, 0
288, 72150, 0, 0
288, 72200, 0, 0
289, 72250, 0, 5492.8240000000005
289, 72300, 29.166666666666668, 0
289, 72350, 31.5, 0
289, 72400, 38.027027027027025, 0
289, 72450, 36.78378378378378, 0
290, 72500, 34.22222222222222, 10408.891078399998
290, 72550, 30.458333333333332, 0
290, 72600, 33.583333333333336, 0
290, 72650, 33.6, 0
290, 72700, 33.833333333333336, 0
291, 72750, 30.714285714285715, 9218.169693760005
291, 72800, 0, 0
291, 72850, 0, 0
291, 72900, 26, 0
291, 72950, 0, 0
292, 73000, 0, 5391.987278080001
292, 73050, 28.555555555555557, 0
292, 73100, 31.586206896551722, 0
292, 73150, 33.096774193548384, 0
292, 73200, 35.705882352941174, 0
293, 73250, 32, 9009.59410912
293, 73300, 27.59090909090909, 0
293, 73350, 29.413793103448278, 0
293, 73400, 29.82758620689655, 0
293, 73450, 29.962962962962962, 0
294, 73500, 28.5, 7568.866543040001
294, 73550, 27, 0
294, 73600, 0, 0
294, 73650, 0, 0
294, 73700, 0, 0
295, 73750, 0, 5712.091559680003
295, 73800, 0, 0
295, 73850, 0, 0
295, 73900, 0, 0
295, 73950, 0, 0
296, 74000, 0, 4038.2319999999995
296, 74050, 0, 0
296, 74100, 0, 0
296, 74150, 0, 0
296, 74200, 0, 0
297, 74250, 0, 3712.216000000001
297, 74300, 0, 0
297, 74350, 0, 0
297, 74400, 0, 0
297, 74450, 0, 0
298, 74500, 0, 4646.232
298, 74550, 0, 0
298, 74600, 0, 0
298, 74650, 0, 0
298, 74700, 0, 0
299, 74750, 0, 4985.368000000001
299, 74800, 0, 0
299, 74850, 27.541666666666668, 0
299, 74900, 27.72, 0
299, 74950, 27.62962962962963, 0
300, 75000, 27, 7107.10221472
300, 75050, 0, 0
300, 75100, 0, 0
300, 75150, 0, 0
300, 75200, 0, 0
301, 75250, 0, 4226.648
301, 75300, 0, 0
301, 75350, 0, 0
301, 75400, 0, 0
301, 75450, 0, 0
302, 75500, 0, 4972.568000000002
302, 75550, 0, 0
302, 75600, 0, 0
302, 75650, 0, 0
302, 75700, 0, 0
303, 75750, 0, 5243.976712960001
303, 75800, 29.083333333333332, 0
303, 75850, 30.5, 0
303, 75900, 31.37037037037037, 0
303, 75950, 31.53125, 0
304, 76000, 29.181818181818183, 8168.921310720001
304, 76050, 26.470588235294116, 0
304, 76100, 27.333333333333332, 0
304, 76150, 31.933333333333334, 0
304, 76200, 33.03225806451613, 0
305, 76250, 28.857142857142858, 8129.561872319996
305, 76300, 32.75, 0
305, 76350, 32.96774193548387, 0
305, 76400, 34.12903225806452, 0
305, 76450, 32.529411764705884, 0
306, 76500, 30.4, 9311.664198080001
306, 76550, 0, 0
306, 76600, 0, 0
306, 76650, 0, 0
306, 76700, 0, 0
307, 76750, 0, 3979.736
307, 76800, 26.75, 0
307, 76850, 26, 0
307, 76900, 0, 0
307, 76950, 0, 0
308, 77000, 0, 5550.24400928
308, 77050, 0, 0
308, 77100, 0, 0
308, 77150, 0, 0
308, 77200, 0, 0
309, 77250, 0, 4236.282876480001
309, 77300, 0, 0
309, 77350, 0, 0
309, 77400, 0, 0
309, 77450, 0, 0
310, 77500, 0, 4274.135999999999
310, 77550, 29.904761904761905, 0
310, 77600, 34.714285714285715, 0
310, 77650, 33.645161290322584, 0
310, 77700, 34.65625, 0
311, 77750, 28.333333333333332, 8852.434819519998
311, 77800, 29.333333333333332, 0
311, 77850, 28.130434782608695, 0
311, 77900, 31.875, 0
311, 77950, 32.6, 0
312, 78000, 29.363636363636363, 8381.678100800002
312, 78050, 0, 0
312, 78100, 0, 0
312, 78150, 0, 0
312, 78200, 0, 0
313, 78250, 26, 4649.72665152
313, 78300, 28.4375, 0
313, 78350, 27.625, 0
313, 78400, 27.214285714285715, 0
313, 78450, 32.34375, 0
314, 78500, 30.416666666666668, 7576.196174719999
314, 78550, 30.296296296296298, 0
314, 78600, 33.666666666666664, 0
314, 78650, 33.303030303030305, 0
314, 78700, 34.21212121212121, 0
315, 78750, 30.90909090909091, 9086.600975039999
315, 78800, 29, 0
315, 78850, 29.75, 0
315, 78900, 28.416666666666668, 0
315, 78950, 29.892857142857142, 0
316, 79000, 29.333333333333332, 8098.30906432
316, 79050, 0, 0
316, 79100, 0, 0
316, 79150, 0, 0
316, 79200, 0, 0
317, 79250, 0, 5745.60861248
317, 79300, 0, 0
317, 79350, 0, 0
317, 79400, 0, 0
317, 79450, 0, 0
318, 79500, 0, 4802.647999999998
318, 79550, 0, 0
318, 79600, 26, 0
318, 79650, 0, 0
318, 79700, 0, 0
319, 79750, 0, 5948.0118348800015
319, 79800, 0, 0
319, 79850, 0, 0
319, 79900, 0, 0
319, 79950, 0, 0
320, 80000, 0, 4614.552000000001
320, 80050, 0, 0
320, 80100, 0, 0
320, 80150, 0, 0
320, 80200, 0, 0
321, 80250, 0, 4806.3279999999995
321, 80300, 0, 0
321, 80350, 0, 0
321, 80400, 0, 0
321, 80450, 0, 0
322, 80500, 0, 5402.920208640002
322, 80550, 30.454545454545453, 0
322, 80600, 31.47826086956522, 0
322, 80650, 32.3448275862069, 0
322, 80700, 32.04, 0
323, 80750, 27.5, 7866.7476383999965
323, 80800, 0, 0
323, 80850, 0, 0
323, 80900, 0, 0
323, 80950, 0, 0
324, 81000, 0, 3788.152
324, 81050, 0, 0
324, 81100, 0, 0
324, 81150, 0, 0
324, 81200, 0, 0
325, 81250, 0, 6290.168
325, 81300, 28.636363636363637, 0
325, 81350, 29.962962962962962, 0
325, 81400, 29.77777777777778, 0
325, 81450, 29.703703703703702, 0
326, 81500, 27.2, 7412.470774720002
326, 81550, 29.333333333333332, 0
326, 81600, 34.970588235294116, 0
326, 81650, 34.029411764705884, 0
326, 81700, 34.85294117647059, 0
327, 81750, 32.09090909090909, 9771.70965536
327, 81800, 27, 0
327, 81850, 27.545454545454547, 0
327, 81900, 27.636363636363637, 0
327, 81950, 27.238095238095237, 0
328, 82000, 28.166666666666668, 6752.76318176
328, 82050, 0, 0
328, 82100, 0, 0
328, 82150, 0, 0
328, 82200, 0, 0
329, 82250, 0, 4479.47210752
329, 82300, 0, 0
329, 82350, 0, 0
329, 82400, 0, 0
329, 82450, 0, 0
330, 82500, 0, 4880.058582719999
330, 82550, 28.923076923076923, 0
330, 82600, 34.25, 0
330, 82650, 36.5, 0
330, 82700, 36.891891891891895, 0
331, 82750, 33.1875, 10238.204106240004
331, 82800, 30.53846153846154, 0
331, 82850, 28.5, 0
331, 82900, 31.379310344827587, 0
331, 82950, 33.266666666666666, 0
332, 83000, 31.25, 8655.250923200005
332, 83050, 29.5, 0
332, 83100, 30.74074074074074, 0
332, 83150, 33.03448275862069, 0
332, 83200, 33.911764705882355, 0
333, 83250, 29.8, 8438.382176640001
333, 83300, 27.772727272727273, 0
333, 83350, 28.925925925925927, 0
333, 83400, 29.62962962962963, 0
333, 83450, 29.833333333333332, 0
334, 83500, 28.75, 7270.398002880001
334, 83550, 0, 0
334, 83600, 28.24, 0
334, 83650, 30.903225806451612, 0
334, 83700, 30.620689655172413, 0
335, 83750, 26.25, 7158.808038080002
335, 83800, 26.22222222222222, 0
335, 83850, 26.58823529411765, 0
335, 83900, 26.571428571428573, 0
335, 83950, 27.41176470588235, 0
336, 84000, 27, 6766.157965120002
336, 84050, 28.11764705882353, 0
336, 84100, 29.185185185185187, 0
336, 84150, 30.548387096774192, 0
336, 84200, 32.806451612903224, 0
337, 84250, 29.142857142857142, 8142.5075648
337, 84300, 26.791666666666668, 0
337, 84350, 28.692307692307693, 0
337, 84400, 27.928571428571427, 0
337, 84450, 28.535714285714285, 0
338, 84500, 27.666666666666668, 7646.461085439997
338, 84550, 26, 0
338, 84600, 0, 0
338, 84650, 27, 0
338, 84700, 0, 0
339, 84750, 0, 5691.879268160005
339, 84800, 0, 0
339, 84850, 0, 0
339, 84900, 0, 0
339, 84950, 0, 0
340, 85000, 0, 5467.576000000001
340, 85050, 0, 0
340, 85100, 0, 0
340, 85150, 0, 0
340, 85200, 0, 0
341, 85250, 0, 4892.312000000001
341, 85300, 0, 0
341, 85350, 0, 0
341, 85400, 0, 0
341, 85450, 0, 0
342, 85500, 0, 5792.729580479999
342, 85550, 27.5, 0
342, 85600, 26.833333333333332, 0
342, 85650, 26.333333333333332, 0
342, 85700, 27.25, 0
343, 85750, 0, 7056.83086688
343, 85800, 0, 0
343, 85850, 26.235294117647058, 0
343, 85900, 29.5, 0
343, 85950, 33, 0
344, 86000, 28.9, 7213.927288640003
344, 86050, 30.28, 0
344, 86100, 32.794117647058826, 0
344, 86150, 33.225806451612904, 0
344, 86200, 32.84375, 0
345, 86250, 30.2, 9261.45057056
345, 86300, 0, 0
345, 86350, 0, 0
345, 86400, 0, 0
345, 86450, 0, 0
346, 86500, 0, 5752.156470079998
346, 86550, 0, 0
346, 86600, 0, 0
346, 86650, 0, 0
346, 86700, 0, 0
347, 86750, 0, 4486.175692159999
347, 86800, 0, 0
347, 86850, 0, 0
347, 86900, 26, 0
347, 86950, 0, 0
348, 87000, 0, 5083.79970272
348, 87050, 0, 0
348, 87100, 0, 0
348, 87150, 0, 0
348, 87200, 0, 0
349, 87250, 0, 4733.112
349, 87300, 26, 0
349, 87350, 29.26923076923077, 0
349, 87400, 31.413793103448278, 0
349, 87450, 30.9, 0
350, 87500, 31.25, 7628.648193280001
350, 87550, 30.166666666666668, 0
350, 87600, 31.535714285714285, 0
350, 87650, 32.515151515151516, 0
350, 87700, 32.40625, 0
351, 87750, 29.833333333333332, 8812.938774719998
351, 87800, 0, 0
351, 87850, 0, 0
351, 87900, 0, 0
351, 87950, 0, 0
352, 88000, 0, 6809.912
352, 88050, 27.153846153846153, 0
352, 88100, 27.714285714285715, 0
352, 88150, 31.185185185185187, 0
352, 88200, 29.28, 0
353, 88250, 29.5, 7395.49631584
353, 88300, 27.77777777777778, 0
353, 88350, 30.838709677419356, 0
353, 88400, 31.96875, 0
353, 88450, 33.14705882352941, 0
354, 88500, 31.444444444444443, 8685.671450560001
354, 88550, 0, 0
354, 88600, 26.68421052631579, 0
354, 88650, 27.76923076923077, 0
354, 88700, 28.115384615384617, 0
355, 88750, 27.25, 7493.717626879998
355, 88800, 0, 0
355, 88850, 0, 0
355, 88900, 0, 0
355, 88950, 0, 0
356, 89000, 0, 4650.898134080001
356, 89050, 0, 0
356, 89100, 0, 0
356, 89150, 29.466666666666665, 0
356, 89200, 30.37037037037037, 0
357, 89250, 28.2, 7255.475843200002
357, 89300, 0, 0
357, 89350, 0, 0
357, 89400, 0, 0
357, 89450, 0, 0
358, 89500, 0, 4138.424
358, 89550, 0, 0
358, 89600, 0, 0
358, 89650, 0, 0
358, 89700, 0, 0
359, 89750, 0, 5061.888791039999
359, 89800, 0, 0
359, 89850, 0, 0
359, 89900, 0, 0
359, 89950, 31.818181818181817, 0
360, 90000, 29.142857142857142, 5937.797249280004
360, 90050, 0, 0
360, 90100, 0, 0
360, 90150, 0, 0
360, 90200, 0, 0
361, 90250, 0, 5064.74599904
361, 90300, 0, 0
361, 90350, 0, 0
361, 90400, 0, 0
361, 90450, 0, 0
362, 90500, 0, 4434.200000000001
362, 90550, 0, 0
362, 90600, 0, 0
362, 90650, 0, 0
362, 90700, 0, 0
363, 90750, 0, 5111.224
363, 90800, 0, 0
363, 90850, 26.533333333333335, 0
363, 90900, 0, 0
363, 90950, 27.2, 0
364, 91000, 26, 6085.615667520004
364, 91050, 0, 0
364, 91100, 0, 0
364, 91150, 0, 0
364, 91200, 28.333333333333332, 0
365, 91250, 28.2, 5232.0600092800005
365, 91300, 0, 0
365, 91350, 0, 0
365, 91400, 0, 0
365, 91450, 0, 0
366, 91500, 0, 5690.046060159999
366, 91550, 0, 0
366, 91600, 0, 0
366, 91650, 0, 0
366, 91700, 0, 0
367, 91750, 0, 4965.017583680001
367, 91800, 0, 0
367, 91850, 0, 0
367, 91900, 0, 0
367, 91950, 0, 0
368, 92000, 0, 4534.874811840001
368, 92050, 26, 0
368, 92100, 0, 0
368, 92150, 0, 0
368, 92200, 33.19444444444444, 0
369, 92250, 30.533333333333335, 7667.630187199999
369, 92300, 0, 0
369, 92350, 0, 0
369, 92400, 0, 0
369, 92450, 0, 0
370, 92500, 0, 4368.216
370, 92550, 26, 0
370, 92600, 30.91304347826087, 0
370, 92650, 32.625, 0
370, 92700, 31.28125, 0
371, 92750, 30.636363636363637, 8369.606452160002
371, 92800, 28.166666666666668, 0
371, 92850, 29.464285714285715, 0
371, 92900, 29.857142857142858, 0
371, 92950, 33.70967741935484, 0
372, 93000, 30.2, 8126.752479679999
372, 93050, 0, 0
372, 93100, 0, 0
372, 93150, 0, 0
372, 93200, 0, 0
373, 93250, 0, 4166.808000000001
373, 93300, 0, 0
373, 93350, 0, 0
373, 93400, 0, 0
373, 93450, 0, 0
374, 93500, 0, 4738.040000000001
374, 93550, 0, 0
374, 93600, 0, 0
374, 93650, 0, 0
374, 93700, 0, 0
375, 93750, 0, 4785.413994560001
375, 93800, 28.304347826086957, 0
375, 93850, 28.44, 0
375, 93900, 30.08, 0
375, 93950, 31.033333333333335, 0
376, 94000, 28.75, 8202.081687360002
376, 94050, 0, 0
376, 94100, 0, 0
376, 94150, 0, 0
376, 94200, 0, 0
377, 94250, 0, 5546.540911040001
377, 94300, 27.333333333333332, 0
377, 94350, 32.5625, 0
377, 94400, 35.42424242424242, 0
377, 94450, 35.25, 0
378, 94500, 31.357142857142858, 9271.76490368
378, 94550, 0, 0
378, 94600, 0, 0
378, 94650, 0, 0
378, 94700, 0, 0
379, 94750, 0, 5085.4
379, 94800, 26, 0
379, 94850, 26, 0
379, 94900, 0, 0
379, 94950, 0, 0
380, 95000, 0, 6219.970368000002
380, 95050, 0, 0
380, 95100, 26, 0
380, 95150, 0, 0
380, 95200, 0, 0
381, 95250, 0, 7446.803053760006
381, 95300, 27.444444444444443, 0
381, 95350, 26.956521739130434, 0
381, 95400, 28, 0
381, 95450, 29.074074074074073, 0
382, 95500, 28, 7116.632238720002
382, 95550, 28.625, 0
382, 95600, 28.8, 0
382, 95650, 29.296296296296298, 0
382, 95700, 29.25925925925926, 0
383, 95750, 28.1, 7382.74654368
383, 95800, 0, 0
383, 95850, 0, 0
383, 95900, 0, 0
383, 95950, 0, 0
384, 96000, 0, 4137.304
384, 96050, 0, 0
384, 96100, 0, 0
384, 96150, 0, 0
384, 96200, 0, 0
385, 96250, 0, 5868.09957056
385, 96300, 0, 0
385, 96350, 0, 0
385, 96400, 0, 0
385, 96450, 0, 0
386, 96500, 0, 5829.848000000001
386, 96550, 0, 0
386, 96600, 0, 0
386, 96650, 0, 0
386, 96700, 0, 0
387, 96750, 0, 4738.394352959999
387, 96800, 0, 0
387, 96850, 0, 0
387, 96900, 0, 0
387, 96950, 27.25, 0
388, 97000, 26.666666666666668, 5445.447617600002
388, 97050, 0, 0
388, 97100, 0, 0
388, 97150, 0, 0
388, 97200, 0, 0
389, 97250, 0, 4908.989746560001
389, 97300, 0, 0
389, 97350, 0, 0
389, 97400, 0, 0
389, 97450, 0, 0
390, 97500, 0, 4144.248
390, 97550, 0, 0
390, 97600, 0, 0
390, 97650, 0, 0
390, 97700, 0, 0
391, 97750, 26, 5168.785752640001
391, 97800, 0, 0
391, 97850, 0, 0
391, 97900, 0, 0
391, 97950, 0, 0
392, 98000, 0, 5351.0052035200015
392, 98050, 0, 0
392, 98100, 0, 0
392, 98150, 0, 0
392, 98200, 0, 0
393, 98250, 0, 3882.4239999999995
393, 98300, 30.58823529411765, 0
393, 98350, 31.580645161290324, 0
393, 98400, 33.54838709677419, 0
393, 98450, 31.870967741935484, 0
394, 98500, 29.428571428571427, 8788.60111872
394, 98550, 29.28, 0
394, 98600, 32.41935483870968, 0
394, 98650, 32.41379310344828, 0
394, 98700, 33.6875, 0
395, 98750, 31.357142857142858, 8960.905644159999
395, 98800, 0, 0
395, 98850, 31.7, 0
395, 98900, 32.63636363636363, 0
395, 98950, 33.529411764705884, 0
396, 99000, 29.88888888888889, 8375.901627520001
396, 99050, 27.318181818181817, 0
396, 99100, 28.807692307692307, 0
396, 99150, 30.166666666666668, 0
396, 99200, 29.933333333333334, 0
397, 99250, 28, 7851.006935359998
397, 99300, 30.17241379310345, 0
397, 99350, 32.310344827586206, 0
397, 99400, 29.863636363636363, 0
397, 99450, 32.16129032258065, 0
398, 99500, 31, 8458.991298240004
398, 99550, 26, 0
398, 99600, 26.666666666666668, 0
398, 99650, 26.956521739130434, 0
398, 99700, 27.666666666666668, 0
399, 99750, 27.714285714285715, 6899.03659648
399, 99800, 0, 0
399, 99850, 29.46153846153846, 0
399, 99900, 30.304347826086957, 0
399, 99950, 29.045454545454547, 0
400, 100000, 27.833333333333332, 7516.975328640002
400, 100050, 0, 0
400, 100100, 0, 0
400, 100150, 0, 0
400, 100200, 0, 0
401, 100250, 0, 4684.344000000001
401, 100300, 28.238095238095237, 0
401, 100350, 28.692307692307693, 0
401, 100400, 28.35, 0
401, 100450, 28.458333333333332, 0
402, 100500, 28.75, 7264.307043199998
402, 100550, 30.103448275862068, 0
402, 100600, 30.962962962962962, 0
402, 100650, 32.03030303030303, 0
402, 100700, 34.93939393939394, 0
403, 100750, 32, 8737.658347520002
403, 100800, 29.26923076923077, 0
403, 100850, 28.5, 0
403, 100900, 32.516129032258064, 0
403, 100950, 36.4054054054054, 0
404, 101000, 33.142857142857146, 9106.955913600003
404, 101050, 29.6, 0
404, 101100, 28.615384615384617, 0
404, 101150, 28.03846153846154, 0
404, 101200, 31.258064516129032, 0
405, 101250, 29.454545454545453, 7294.771614080003
405, 101300, 0, 0
405, 101350, 0, 0
405, 101400, 0, 0
405, 101450, 0, 0
406, 101500, 0, 5220.11107328
406, 101550, 0, 0
406, 101600, 0, 0
406, 101650, 0, 0
406, 101700, 0, 0
407, 101750, 0, 4527.898905600001
407, 101800, 0, 0
407, 101850, 0, 0
407, 101900, 0, 0
407, 101950, 0, 0
408, 102000, 0, 5509.528
408, 102050, 26, 0
408, 102100, 27.1875, 0
408, 102150, 28.428571428571427, 0
408, 102200, 31.821428571428573, 0
409, 102250, 29.333333333333332, 8205.094100160002
409, 102300, 0, 0
409, 102350, 0, 0
409, 102400, 0, 0
409, 102450, 0, 0
410, 102500, 0, 6379.8
410, 102550, 0, 0
410, 102600, 0, 0
410, 102650, 0, 0
410, 102700, 0, 0
411, 102750, 0, 5194.65449632
411, 102800, 0, 0
411, 102850, 26, 0
411, 102900, 26.529411764705884, 0
411, 102950, 27.466666666666665, 0
412, 103000, 30.6, 6771.74504032
412, 103050, 27.16, 0
412, 103100, 26.8, 0
412, 103150, 26.91304347826087, 0
412, 103200, 28.79310344827586, 0
413, 103250, 27.2, 6927.6735660800005
413, 103300, 26, 0
413, 103350, 26.055555555555557, 0
413, 103400, 0, 0
413, 103450, 0, 0
414, 103500, 27, 6209.8044304000005
414, 103550, 0, 0
414, 103600, 0, 0
414, 103650, 0, 0
414, 103700, 0, 0
415, 103750, 0, 5480.6
415, 103800, 0, 0
415, 103850, 0, 0
415, 103900, 28, 0
415, 103950, 0, 0
416, 104000, 0, 5577.941401599997
416, 104050, 27.92, 0
416, 104100, 28.32, 0
416, 104150, 28.37037037037037, 0
416, 104200, 27.545454545454547, 0
417, 104250, 27.75, 7309.984327360001
417, 104300, 0, 0
417, 104350, 0, 0
417, 104400, 0, 0
417, 104450, 0, 0
418, 104500, 0, 5181.624000000002
418, 104550, 26.77777777777778, 0
418, 104600, 29.115384615384617, 0
418, 104650, 28.541666666666668, 0
418, 104700, 29.7, 0
419, 104750, 28, 7189.922453120001
419, 104800, 26, 0
419, 104850, 0, 0
419, 104900, 28, 0
419, 104950, 0, 0
420, 105000, 0, 5493.610552000003
420, 105050, 0, 0
420, 105100, 26, 0
420, 105150, 0, 0
420, 105200, 0, 0
421, 105250, 0, 5515.6417164800005
421, 105300, 0, 0
421, 105350, 0, 0
421, 105400, 0, 0
421, 105450, 0, 0
422, 105500, 26.666666666666668, 5843.41594848
422, 105550, 28.272727272727273, 0
422, 105600, 35.857142857142854, 0
422, 105650, 39.11363636363637, 0
422, 105700, 39.857142857142854, 0
423, 105750, 32.266666666666666, 11226.326992639995
423, 105800, 0, 0
423, 105850, 28, 0
423, 105900, 0, 0
423, 105950, 27, 0
424, 106000, 28.333333333333332, 5619.500912320002
424, 106050, 0, 0
424, 106100, 29.59259259259259, 0
424, 106150, 30.413793103448278, 0
424, 106200, 29.884615384615383, 0
425, 106250, 30, 7656.257762879999
425, 106300, 26.833333333333332, 0
425, 106350, 26.5, 0
425, 106400, 26.666666666666668, 0
425, 106450, 27.75, 0
426, 106500, 26, 6718.61535136
426, 106550, 0, 0
426, 106600, 0, 0
426, 106650, 0, 0
426, 106700, 0, 0
427, 106750, 0, 5104.426086400003
427, 106800, 0, 0
427, 106850, 27.181818181818183, 0
427, 106900, 27.363636363636363, 0
427, 106950, 28.846153846153847, 0
428, 107000, 26, 6765.47593216
428, 107050, 27.210526315789473, 0
428, 107100, 30.48148148148148, 0
428, 107150, 29.16, 0
428, 107200, 33.666666666666664, 0
429, 107250, 34.333333333333336, 8898.18111424
429, 107300, 27.952380952380953, 0
429, 107350, 30.466666666666665, 0
429, 107400, 30.892857142857142, 0
429, 107450, 32.56666666666667, 0
430, 107500, 31, 8526.559739200004
430, 107550, 0, 0
430, 107600, 26.636363636363637, 0
430, 107650, 29, 0
430, 107700, 28.53846153846154, 0
431, 107750, 28.666666666666668, 6865.139010559999
431, 107800, 28.772727272727273, 0
431, 107850, 28.142857142857142, 0
431, 107900, 29, 0
431, 107950, 30.22222222222222, 0
432, 108000, 27.4, 7517.398635839998
432, 108050, 0, 0
432, 108100, 0, 0
432, 108150, 27, 0
432, 108200, 0, 0
433, 108250, 0, 5204.077295680001
433, 108300, 32.645161290322584, 0
433, 108350, 31.703703703703702, 0
433, 108400, 32.46666666666667, 0
433, 108450, 34.11764705882353, 0
434, 108500, 29.625, 8849.110945280001
434, 108550, 0, 0
434, 108600, 27.625, 0
434, 108650, 31.032258064516128, 0
434, 108700, 29.884615384615383, 0
435, 108750, 28.666666666666668, 7178.443963200002
435, 108800, 0, 0
435, 108850, 0, 0
435, 108900, 0, 0
435, 108950, 0, 0
436, 109000, 0, 5282.36
436, 109050, 0, 0
436, 109100, 0, 0
436, 109150, 0, 0
436, 109200, 0, 0
437, 109250, 26, 5862.0576889600015
437, 109300, 31.22222222222222, 0
437, 109350, 38.707317073170735, 0
437, 109400, 40.16279069767442, 0
437, 109450, 38.45, 0
438, 109500, 33.333333333333336, 11387.799298559998
438, 109550, 28.16, 0
438, 109600, 29.46153846153846, 0
438, 109650, 28.321428571428573, 0
438, 109700, 27.85185185185185, 0
439, 109750, 28.166666666666668, 8560.9467984
439, 109800, 0, 0
439, 109850, 26.055555555555557, 0
439, 109900, 26.85, 0
439, 109950, 26.77777777777778, 0
440, 110000, 27, 7139.727665279997
440, 110050, 0, 0
440, 110100, 0, 0
440, 110150, 0, 0
440, 110200, 28.5, 0
441, 110250, 26.5, 6045.9851798400005
441, 110300, 0, 0
441, 110350, 27, 0
441, 110400, 28, 0
441, 110450, 26, 0
442, 110500, 0, 5807.212286400001
442, 110550, 29.727272727272727, 0
442, 110600, 33.193548387096776, 0
442, 110650, 34.44117647058823, 0
442, 110700, 34.45945945945946, 0
443, 110750, 31.785714285714285, 9972.302588480003
443, 110800, 31.652173913043477, 0
443, 110850, 36.45945945945946, 0
443, 110900, 36.54054054054054, 0
443, 110950, 37, 0
444, 111000, 30.866666666666667, 11205.348178879998
444, 111050, 31.875, 0
444, 111100, 30.79310344827586, 0
444, 111150, 32.12903225806452, 0
444, 111200, 32.72727272727273, 0
445, 111250, 31.142857142857142, 8960.710003839999
445, 111300, 0, 0
445, 111350, 31.962962962962962, 0
445, 111400, 33.794117647058826, 0
445, 111450, 34.470588235294116, 0
446, 111500, 31.1875, 9185.408222719998
446, 111550, 30.615384615384617, 0
446, 111600, 30.517241379310345, 0
446, 111650, 29.333333333333332, 0
446, 111700, 31.29032258064516, 0
447, 111750, 30.375, 8749.220422080001
447, 111800, 0, 0
447, 111850, 26, 0
447, 111900, 26.833333333333332, 0
447, 111950, 32.72727272727273, 0
448, 112000, 30.666666666666668, 9228.786636159999
448, 112050, 28.11111111111111, 0
448, 112100, 27.923076923076923, 0
448, 112150, 29.16, 0
448, 112200, 29.25925925925926, 0
449, 112250, 29.4, 8283.91540096
449, 112300, 0, 0
449, 112350, 0, 0
449, 112400, 0, 0
449, 112450, 0, 0
450, 112500, 0, 4706.331135039999
450, 112550, 0, 0
450, 112600, 33.29032258064516, 0
450, 112650, 33.45161290322581, 0
450, 112700, 33.69444444444444, 0
451, 112750, 31.5, 9167.07800064
451, 112800, 28.40740740740741, 0
451, 112850, 29.24, 0
451, 112900, 29.125, 0
451, 112950, 30.892857142857142, 0
452, 113000, 29.11111111111111, 8200.587606079998
452, 113050, 28.25, 0
452, 113100, 28.814814814814813, 0
452, 113150, 28.958333333333332, 0
452, 113200, 29.821428571428573, 0
453, 113250, 27.6, 8451.834335040001
453, 113300, 0, 0
453, 113350, 28.884615384615383, 0
453, 113400, 29.08, 0
453, 113450, 30.3125, 0
454, 113500, 29.666666666666668, 8486.51149664
454, 113550, 30.266666666666666, 0
454, 113600, 29.862068965517242, 0
454, 113650, 30.17241379310345, 0
454, 113700, 29.82758620689655, 0
455, 113750, 28.714285714285715, 8100.068861439998
455, 113800, 35.13157894736842, 0
455, 113850, 35.16216216216216, 0
455, 113900, 35.71052631578947, 0
455, 113950, 34.891891891891895, 0
456, 114000, 32.2, 10367.285929919999
456, 114050, 26, 0
456, 114100, 26, 0
456, 114150, 0, 0
456, 114200, 0, 0
457, 114250, 0, 6859.416957120003
457, 114300, 0, 0
457, 114350, 0, 0
457, 114400, 0, 0
457, 114450, 0, 0
458, 114500, 0, 5814.07810848
458, 114550, 0, 0
458, 114600, 31.77777777777778, 0
458, 114650, 34.114285714285714, 0
458, 114700, 35.68292682926829, 0
459, 114750, 32.53846153846154, 9547.980208639998
459, 114800, 29.75, 0
459, 114850, 31.296296296296298, 0
459, 114900, 32.53125, 0
459, 114950, 30.884615384615383, 0
460, 115000, 30.272727272727273, 8493.935063040002
460, 115050, 29.142857142857142, 0
460, 115100, 32.13333333333333, 0
460, 115150, 35.916666666666664, 0
460, 115200, 37.47222222222222, 0
461, 115250, 30, 10382.13276288
461, 115300, 35.63636363636363, 0
461, 115350, 35.270270270270274, 0
461, 115400, 36.270270270270274, 0
461, 115450, 33.87096774193548, 0
462, 115500, 31.266666666666666, 10517.686175359997
462, 115550, 31.821428571428573, 0
462, 115600, 34.878787878787875, 0
462, 115650, 37.48717948717949, 0
462, 115700, 36.48717948717949, 0
463, 115750, 31.571428571428573, 10592.353829120002
463, 115800, 28.896551724137932, 0
463, 115850, 29.045454545454547, 0
463, 115900, 30.142857142857142, 0
463, 115950, 30.74074074074074, 0
464, 116000, 28, 8173.752958719996
464, 116050, 0, 0
464, 116100, 0, 0
464, 116150, 0, 0
464, 116200, 0, 0
465, 116250, 0, 5069.816000000001
465, 116300, 0, 0
465, 116350, 0, 0
465, 116400, 0, 0
465, 116450, 0, 0
466, 116500, 0, 5950.872
466, 116550, 29.074074074074073, 0
466, 116600, 34.351351351351354, 0
466, 116650, 33.6875, 0
466, 116700, 33.13793103448276, 0
467, 116750, 30, 9595.39870528
467, 116800, 36.3, 0
467, 116850, 35.30555555555556, 0
467, 116900, 34.5, 0
467, 116950, 34.625, 0
468, 117000, 31.75, 10727.873268159996
468, 117050, 30.77777777777778, 0
468, 117100, 31.70967741935484, 0
468, 117150, 32.875, 0
468, 117200, 31.516129032258064, 0
469, 117250, 30.76923076923077, 9409.99567232
469, 117300, 29.68, 0
469, 117350, 29.47826086956522, 0
469, 117400, 29.2, 0
469, 117450, 29.24, 0
470, 117500, 28.833333333333332, 7967.138924160003
470, 117550, 26, 0
470, 117600, 26, 0
470, 117650, 27.55, 0
470, 117700, 27.571428571428573, 0
471, 117750, 28.5, 7777.813135360002
471, 117800, 26.91304347826087, 0
471, 117850, 27.64, 0
471, 117900, 30.933333333333334, 0
471, 117950, 30.20689655172414, 0
472, 118000, 27.25, 7634.787485120002
472, 118050, 0, 0
472, 118100, 28, 0
472, 118150, 29.956521739130434, 0
472, 118200, 32.214285714285715, 0
473, 118250, 29.11111111111111, 7555.138057600003
473, 118300, 34.189189189189186, 0
473, 118350, 34.945945945945944, 0
473, 118400, 38.57142857142857, 0
473, 118450, 37.02564102564103, 0
474, 118500, 31.1, 11104.066744320002
474, 118550, 32.36666666666667, 0
474, 118600, 34.55882352941177, 0
474, 118650, 31.90909090909091, 0
474, 118700, 35.25714285714286, 0
475, 118750, 30.5, 9572.991538879996
475, 118800, 34.833333333333336, 0
475, 118850, 31.866666666666667, 0
475, 118900, 33.96875, 0
475, 118950, 34.36363636363637, 0
476, 119000, 32.7, 9626.34724096
476, 119050, 29.59090909090909, 0
476, 119100, 29.51851851851852, 0
476, 119150, 29.375, 0
476, 119200, 28.869565217391305, 0
477, 119250, 28.714285714285715, 8095.950193280002
477, 119300, 27.954545454545453, 0
477, 119350, 34.44117647058823, 0
477, 119400, 36.63636363636363, 0
477, 119450, 37.53488372093023, 0
478, 119500, 34.21052631578947, 11831.42858176
478, 119550, 27.76923076923077, 0
478, 119600, 32.72727272727273, 0
478, 119650, 36.80952380952381, 0
478, 119700, 35.48717948717949, 0
479, 119750, 31.8, 10618.184005760006
479, 119800, 29.32, 0
479, 119850, 32.96666666666667, 0
479, 119900, 33.78125, 0
479, 119950, 33.1, 0
480, 120000, 28.875, 9249.48103552
480, 120050, 31.5, 0
480, 120100, 31.923076923076923, 0
480, 120150, 33.42857142857143, 0
480, 120200, 36.666666666666664, 0
481, 120250, 31.1, 9828.029230720003
481, 120300, 0, 0
481, 120350, 0, 0
481, 120400, 0, 0
481, 120450, 0, 0
482, 120500, 0, 5474.226146880001
482, 120550, 0, 0
482, 120600, 29, 0
482, 120650, 0, 0
482, 120700, 0, 0
483, 120750, 0, 6534.298430719999
483, 120800, 0, 0
483, 120850, 0, 0
483, 120900, 0, 0
483, 120950, 0, 0
484, 121000, 0, 5352.264515520002
484, 121050, 0, 0
484, 121100, 0, 0
484, 121150, 0, 0
484, 121200, 0, 0
485, 121250, 0, 6195.544
485, 121300, 30.375, 0
485, 121350, 30.678571428571427, 0
485, 121400, 30.76923076923077, 0
485, 121450, 30.037037037037038, 0
486, 121500, 28.285714285714285, 8948.539267199996
486, 121550, 0, 0
486, 121600, 0, 0
486, 121650, 0, 0
486, 121700, 0, 0
487, 121750, 0, 5742.616000000001
487, 121800, 0, 0
487, 121850, 26.476190476190474, 0
487, 121900, 26.6, 0
487, 121950, 26.80952380952381, 0
488, 122000, 0, 6999.645339840002
488, 122050, 0, 0
488, 122100, 0, 0
488, 122150, 0, 0
488, 122200, 0, 0
489, 122250, 0, 6401.303999999998
489, 122300, 29, 0
489, 122350, 29, 0
489, 122400, 33.5, 0
489, 122450, 30.814814814814813, 0
490, 122500, 27.875, 7708.248531200003
490, 122550, 32.911764705882355, 0
490, 122600, 33.25, 0
490, 122650, 33.5, 0
490, 122700, 33.114285714285714, 0
491, 122750, 30.75, 9626.692142080003
491, 122800, 27.923076923076923, 0
491, 122850, 30.25, 0
491, 122900, 30.555555555555557, 0
491, 122950, 32, 0
492, 123000, 28.88888888888889, 8157.9658358399965
492, 123050, 29.964285714285715, 0
492, 123100, 28.434782608695652, 0
492, 123150, 29.208333333333332, 0
492, 123200, 29.88888888888889, 0
493, 123250, 29, 8472.591224959997
493, 123300, 27.884615384615383, 0
493, 123350, 27.652173913043477, 0
493, 123400, 28.22222222222222, 0
493, 123450, 27.8125, 0
494, 123500, 27.25, 7558.92779136
494, 123550, 0, 0
494, 123600, 26.75, 0
494, 123650, 26.047619047619047, 0
494, 123700, 26, 0
495, 123750, 0, 8104.187200640001
495, 123800, 26, 0
495, 123850, 29.925925925925927, 0
495, 123900, 29.142857142857142, 0
495, 123950, 28, 0
496, 124000, 29, 8246.319587200001
496, 124050, 31.357142857142858, 0
496, 124100, 31.137931034482758, 0
496, 124150, 31.75, 0
496, 124200, 31.962962962962962, 0
497, 124250, 28.8, 9072.74915776
497, 124300, 34.21052631578947, 0
497, 124350, 37.883720930232556, 0
497, 124400, 35.725, 0
497, 124450, 35.97727272727273, 0
498, 124500, 31.57894736842105, 12123.364195200002
498, 124550, 34.15384615384615, 0
498, 124600, 34.92307692307692, 0
498, 124650, 34.27777777777778, 0
498, 124700, 36.31578947368421, 0
499, 124750, 31.857142857142858, 11282.7336256
499, 124800, 34.861111111111114, 0
499, 124850, 35.94285714285714, 0
499, 124900, 37.55555555555556, 0
499, 124950, 36.8125, 0
500, 125000, 32.2, 11198.17404864
